0.000000 - - 0 0 0 0 0 0 0 0 0 0 0 0 0 0 0 0 0 0 0 0 0 0 0 0 0 0 0 0 0 0 0 0 0 0
-2.924083 - a 1 1 -1 1 -1 -1 -1 0 1 -1 -1 0 -1 0 -1 -1 1 -1 -1 -1 1 -1 0 0 0 0 0 0 0 0 0 0 0 0
-3.950749 - ai 1 1 -1 1 -1 -1 -1 0 1 -1 -1 0 -1 0 -1 -1 1 -1 -1 -1 1 -1 0 0 -1 -1 -1 -1 1 1 -1 0 0 0
-7.052670 - au 1 1 -1 1 -1 -1 -1 0 1 -1 -1 0 -1 0 -1 -1 1 -1 -1 -1 1 -1 0 0 1 -1 -1 -1 1 1 1 0 0 0
-6.048768 - aɪ 1 1 -1 1 -1 -1 -1 0 1 -1 -1 0 -1 0 -1 -1 1 -1 -1 -1 1 -1 0 0 -1 -1 -1 1 1 1 -1 0 0 0
-5.271492 - aʊ 1 1 -1 1 -1 -1 -1 0 1 -1 -1 0 -1 0 -1 -1 1 -1 -1 -1 1 -1 0 0 1 -1 -1 1 1 1 1 0 0 0
-7.651234 - aː 1 1 -1 1 -1 -1 -1 0 1 -1 -1 0 -1 0 -1 -1 1 -1 -1 -1 1 1 0 0 0 0 0 0 0 0 0 0 0 0
-5.995032 - aːə 1 1 -1 1 -1 -1 -1 0 1 -1 -1 0 -1 0 -1 -1 1 -1 -1 -1 1 1 0 0 1 -1 -1 1 1 -1 -1 0 0 0
-4.828798 - a̠ 1 1 -1 1 -1 -1 -1 0 1 -1 -1 0 -1 0 -1 -1 1 -1 -1 -1 1 -1 0 0 0 0 0 0 0 0 0 0 0 0
-4.900518 - b -1 -1 1 -1 -1 -1 -1 0 1 -1 -1 1 -1 0 1 -1 -1 -1 -1 -1 0 -1 0 0 0 0 0 0 0 0 0 0 0 0
-1.501526 - c -1 -1 1 -1 -1 -1 -1 0 -1 -1 -1 -1 -1 0 -1 1 -1 -1 -1 -1 0 -1 0 0 0 0 0 0 0 0 0 0 0 0
-2.878795 - d -1 -1 1 -1 -1 -1 -1 0 1 -1 -1 1 1 -1 -1 -1 -1 -1 -1 -1 0 -1 0 0 0 0 0 0 0 0 0 0 0 0
-8.254884 - dz -1 -1 1 -1 1 -1 -1 0 1 -1 -1 1 1 -1 -1 -1 -1 -1 -1 -1 0 -1 0 0 0 0 0 0 0 0 0 0 0 0
-5.844529 - dʑ -1 -1 1 -1 1 -1 -1 0 1 -1 -1 -1 1 1 -1 1 -1 -1 -1 -1 0 -1 0 0 0 0 0 0 0 0 0 0 0 0
-4.915606 - dʒ -1 -1 1 -1 1 -1 -1 0 1 -1 -1 -1 1 1 -1 -1 -1 -1 -1 -1 0 -1 0 0 0 0 0 0 0 0 0 0 0 0
-6.355436 - dʲ -1 -1 1 -1 -1 -1 -1 0 1 -1 -1 1 1 -1 -1 1 -1 -1 -1 -1 0 -1 0 0 0 0 0 0 0 0 0 0 0 0
-5.420295 - d̪ -1 -1 1 -1 -1 -1 -1 0 1 -1 -1 1 1 1 -1 -1 -1 -1 -1 -1 0 -1 0 0 0 0 0 0 0 0 0 0 0 0
-2.337924 - e 1 1 -1 1 -1 -1 -1 0 1 -1 -1 0 -1 0 -1 -1 -1 -1 -1 -1 1 -1 0 0 0 0 0 0 0 0 0 0 0 0
-3.863357 - ei 1 1 -1 1 -1 -1 -1 0 1 -1 -1 0 -1 0 -1 -1 -1 -1 -1 -1 1 -1 0 0 -1 -1 -1 -1 1 -1 -1 0 0 0
-6.271662 - eu 1 1 -1 1 -1 -1 -1 0 1 -1 -1 0 -1 0 -1 -1 -1 -1 -1 -1 1 -1 0 0 1 -1 -1 -1 1 -1 1 0 0 0
-6.696231 - eə 1 1 -1 1 -1 -1 -1 0 1 -1 -1 0 -1 0 -1 -1 -1 -1 -1 -1 1 -1 0 0 1 -1 -1 1 -1 -1 -1 0 0 0
-5.506197 - eɪ 1 1 -1 1 -1 -1 -1 0 1 -1 -1 0 -1 0 -1 -1 -1 -1 -1 -1 1 -1 0 0 -1 -1 -1 1 -1 -1 -1 0 0 0
-7.905052 - eː 1 1 -1 1 -1 -1 -1 0 1 -1 -1 0 -1 0 -1 -1 -1 -1 -1 -1 1 1 0 0 0 0 0 0 0 0 0 0 0 0
-6.085889 - eːi 1 1 -1 1 -1 -1 -1 0 1 -1 -1 0 -1 0 -1 -1 -1 -1 -1 -1 1 1 0 0 -1 -1 -1 -1 1 -1 -1 0 0 0
-4.629491 - e˞ 1 1 -1 1 -1 -1 -1 0 1 -1 -1 -1 -1 0 -1 1 -1 -1 1 -1 1 -1 0 0 0 0 0 0 0 0 0 0 0 0
-5.921230 - f -1 -1 1 1 -1 -1 -1 1 -1 -1 -1 1 -1 0 1 -1 -1 -1 -1 -1 0 -1 0 0 0 0 0 0 0 0 0 0 0 0
-4.336574 - g -1 -1 1 -1 -1 -1 -1 0 1 -1 -1 -1 -1 0 -1 1 -1 1 -1 -1 0 -1 0 0 0 0 0 0 0 0 0 0 0 0
-2.938288 - h -1 1 1 1 -1 -1 -1 0 -1 -1 -1 -1 -1 0 -1 -1 -1 -1 -1 -1 0 -1 0 0 0 0 0 0 0 0 0 0 0 0
-1.972462 - i 1 1 -1 1 -1 -1 -1 0 1 -1 -1 0 -1 0 -1 1 -1 -1 -1 -1 1 -1 0 0 0 0 0 0 0 0 0 0 0 0
-9.144066 - ia 1 1 -1 1 -1 -1 -1 0 1 -1 -1 0 -1 0 -1 1 -1 -1 -1 -1 1 -1 0 0 -1 -1 1 -1 -1 1 -1 0 0 0
-7.772492 - iə 1 1 -1 1 -1 -1 -1 0 1 -1 -1 0 -1 0 -1 1 -1 -1 -1 -1 1 -1 0 0 1 -1 1 1 -1 -1 -1 0 0 0
-3.073773 - iː 1 1 -1 1 -1 -1 -1 0 1 -1 -1 0 -1 0 -1 1 -1 -1 -1 -1 1 1 0 0 0 0 0 0 0 0 0 0 0 0
-4.862117 - iːə 1 1 -1 1 -1 -1 -1 0 1 -1 -1 0 -1 0 -1 1 -1 -1 -1 -1 1 1 0 0 1 -1 1 1 -1 -1 -1 0 0 0
-0.368887 - j -1 1 -1 1 -1 -1 -1 0 1 -1 -1 -1 -1 0 -1 1 -1 -1 -1 -1 0 -1 0 0 0 0 0 0 0 0 0 0 0 0
-2.560248 - k -1 -1 1 -1 -1 -1 -1 0 -1 -1 -1 -1 -1 0 -1 1 -1 1 -1 -1 0 -1 0 0 0 0 0 0 0 0 0 0 0 0
-4.775602 - kʰ -1 -1 1 -1 -1 -1 -1 0 -1 1 -1 -1 -1 0 -1 1 -1 1 -1 -1 0 -1 0 0 0 0 0 0 0 0 0 0 0 0
-5.623318 - kʰː -1 -1 1 -1 -1 -1 -1 0 -1 1 -1 -1 -1 0 -1 1 -1 1 -1 -1 0 1 0 0 0 0 0 0 0 0 0 0 0 0
-6.858688 - kʼ -1 -1 1 -1 -1 -1 -1 0 -1 -1 1 -1 -1 0 -1 1 -1 1 -1 -1 0 -1 0 0 0 0 0 0 0 0 0 0 0 0
-7.294438 - kː -1 -1 1 -1 -1 -1 -1 0 -1 -1 -1 -1 -1 0 -1 1 -1 1 -1 -1 0 1 0 0 0 0 0 0 0 0 0 0 0 0
-4.028805 - l -1 1 1 1 -1 1 -1 0 1 -1 -1 1 1 -1 -1 -1 -1 -1 -1 -1 0 -1 0 0 0 0 0 0 0 0 0 0 0 0
-8.024057 - lʲ -1 1 1 1 -1 1 -1 0 1 -1 -1 1 1 -1 -1 1 -1 -1 -1 -1 0 -1 0 0 0 0 0 0 0 0 0 0 0 0
0.635449 - lˀ -1 1 1 1 -1 1 -1 0 1 -1 1 1 1 -1 -1 -1 -1 -1 -1 -1 0 -1 0 0 0 0 0 0 0 0 0 0 0 0
-4.461630 - lː -1 1 1 1 -1 1 -1 0 1 -1 -1 1 1 -1 -1 -1 -1 -1 -1 -1 0 1 0 0 0 0 0 0 0 0 0 0 0 0
-3.736727 - lˠ -1 1 1 1 -1 1 -1 0 1 -1 -1 1 1 -1 -1 1 -1 1 -1 -1 0 -1 0 0 0 0 0 0 0 0 0 0 0 0
-5.150864 - l̩ 1 1 1 1 -1 1 -1 0 1 -1 -1 1 1 -1 -1 -1 -1 -1 -1 -1 0 -1 0 0 0 0 0 0 0 0 0 0 0 0
-3.685345 - l̩ː 1 1 1 1 -1 1 -1 0 1 -1 -1 1 1 -1 -1 -1 -1 -1 -1 -1 0 1 0 0 0 0 0 0 0 0 0 0 0 0
-2.838113 - m -1 1 1 -1 -1 -1 1 0 1 -1 -1 1 -1 0 1 -1 -1 -1 -1 -1 0 -1 0 0 0 0 0 0 0 0 0 0 0 0
-5.448305 - mʲ -1 1 1 -1 -1 -1 1 0 1 -1 -1 1 -1 0 1 1 -1 -1 -1 -1 0 -1 0 0 0 0 0 0 0 0 0 0 0 0
-5.977490 - mː -1 1 1 -1 -1 -1 1 0 1 -1 -1 1 -1 0 1 -1 -1 -1 -1 -1 0 1 0 0 0 0 0 0 0 0 0 0 0 0
-5.918180 - m̥ -1 1 1 -1 -1 -1 1 0 -1 -1 -1 1 -1 0 1 -1 -1 -1 -1 -1 0 -1 0 0 0 0 0 0 0 0 0 0 0 0
-7.818472 - m̩ 1 1 1 -1 -1 -1 1 0 1 -1 -1 1 -1 0 1 -1 -1 -1 -1 -1 0 -1 0 0 0 0 0 0 0 0 0 0 0 0
-1.159974 - n -1 1 1 -1 -1 -1 1 0 1 -1 -1 1 1 -1 -1 -1 -1 -1 -1 -1 0 -1 0 0 0 0 0 0 0 0 0 0 0 0
-7.105970 - nʲ -1 1 1 -1 -1 -1 1 0 1 -1 -1 1 1 -1 -1 1 -1 -1 -1 -1 0 -1 0 0 0 0 0 0 0 0 0 0 0 0
0.249057 - nˀ -1 1 1 -1 -1 -1 1 0 1 -1 1 1 1 -1 -1 -1 -1 -1 -1 -1 0 -1 0 0 0 0 0 0 0 0 0 0 0 0
-3.285737 - nː -1 1 1 -1 -1 -1 1 0 1 -1 -1 1 1 -1 -1 -1 -1 -1 -1 -1 0 1 0 0 0 0 0 0 0 0 0 0 0 0
-4.761012 - n̥ -1 1 1 -1 -1 -1 1 0 -1 -1 -1 1 1 -1 -1 -1 -1 -1 -1 -1 0 -1 0 0 0 0 0 0 0 0 0 0 0 0
-1.065178 - n̩ 1 1 1 -1 -1 -1 1 0 1 -1 -1 1 1 -1 -1 -1 -1 -1 -1 -1 0 -1 0 0 0 0 0 0 0 0 0 0 0 0
-5.124992 - n̪ -1 1 1 -1 -1 -1 1 0 1 -1 -1 1 1 1 -1 -1 -1 -1 -1 -1 0 -1 0 0 0 0 0 0 0 0 0 0 0 0
-3.543305 - o 1 1 -1 1 -1 -1 -1 0 1 -1 -1 0 -1 0 -1 -1 -1 1 1 -1 1 -1 0 0 0 0 0 0 0 0 0 0 0 0
-6.548423 - ou 1 1 -1 1 -1 -1 -1 0 1 -1 -1 0 -1 0 -1 -1 -1 1 1 -1 1 -1 0 0 -1 -1 -1 -1 1 -1 1 0 0 0
-6.550663 - oə 1 1 -1 1 -1 -1 -1 0 1 -1 -1 0 -1 0 -1 -1 -1 1 1 -1 1 -1 0 0 -1 1 -1 1 -1 -1 -1 0 0 0
-4.714357 - oʊ 1 1 -1 1 -1 -1 -1 0 1 -1 -1 0 -1 0 -1 -1 -1 1 1 -1 1 -1 0 0 -1 -1 -1 1 -1 -1 1 0 0 0
-5.637200 - oː 1 1 -1 1 -1 -1 -1 0 1 -1 -1 0 -1 0 -1 -1 -1 1 1 -1 1 1 0 0 0 0 0 0 0 0 0 0 0 0
-6.013633 - oːɑ 1 1 -1 1 -1 -1 -1 0 1 -1 -1 0 -1 0 -1 -1 -1 1 1 -1 1 1 0 0 -1 -1 1 -1 -1 1 -1 0 0 0
-5.748246 - oːə 1 1 -1 1 -1 -1 -1 0 1 -1 -1 0 -1 0 -1 -1 -1 1 1 -1 1 1 0 0 -1 1 -1 1 -1 -1 -1 0 0 0
-3.873054 - p -1 -1 1 -1 -1 -1 -1 0 -1 -1 -1 1 -1 0 1 -1 -1 -1 -1 -1 0 -1 0 0 0 0 0 0 0 0 0 0 0 0
-5.121187 - pʰ -1 -1 1 -1 -1 -1 -1 0 -1 1 -1 1 -1 0 1 -1 -1 -1 -1 -1 0 -1 0 0 0 0 0 0 0 0 0 0 0 0
-1.411331 - pʰː -1 -1 1 -1 -1 -1 -1 0 -1 1 -1 1 -1 0 1 -1 -1 -1 -1 -1 0 1 0 0 0 0 0 0 0 0 0 0 0 0
-6.486496 - pʲ -1 -1 1 -1 -1 -1 -1 0 -1 -1 -1 1 -1 0 1 1 -1 -1 -1 -1 0 -1 0 0 0 0 0 0 0 0 0 0 0 0
-6.218131 - pː -1 -1 1 -1 -1 -1 -1 0 -1 -1 -1 1 -1 0 1 -1 -1 -1 -1 -1 0 1 0 0 0 0 0 0 0 0 0 0 0 0
-5.513682 - q -1 -1 1 -1 -1 -1 -1 0 -1 -1 -1 -1 -1 0 -1 -1 -1 1 -1 -1 0 -1 0 0 0 0 0 0 0 0 0 0 0 0
-6.339442 - qʰ -1 -1 1 -1 -1 -1 -1 0 -1 1 -1 -1 -1 0 -1 -1 -1 1 -1 -1 0 -1 0 0 0 0 0 0 0 0 0 0 0 0
-6.413935 - qʼ -1 -1 1 -1 -1 -1 -1 0 -1 -1 1 -1 -1 0 -1 -1 -1 1 -1 -1 0 -1 0 0 0 0 0 0 0 0 0 0 0 0
-2.497361 - r -1 1 1 1 0 -1 -1 0 1 -1 -1 1 1 -1 -1 0 0 0 -1 -1 0 -1 0 0 0 0 0 0 0 0 0 0 0 0
-2.424995 - rʲ -1 1 1 1 0 -1 -1 0 1 -1 -1 1 1 -1 -1 1 0 -1 -1 -1 0 -1 0 0 0 0 0 0 0 0 0 0 0 0
-4.716498 - rː -1 1 1 1 0 -1 -1 0 1 -1 -1 1 1 -1 -1 0 0 0 -1 -1 0 1 0 0 0 0 0 0 0 0 0 0 0 0
-1.282800 - r̥ -1 1 1 1 0 -1 -1 0 -1 -1 -1 1 1 -1 -1 0 0 0 -1 -1 0 -1 0 0 0 0 0 0 0 0 0 0 0 0
-3.064551 - s -1 -1 1 1 -1 -1 -1 0 -1 -1 -1 1 1 -1 -1 -1 -1 -1 -1 -1 0 -1 0 0 0 0 0 0 0 0 0 0 0 0
-6.737964 - sʰ -1 -1 1 1 -1 -1 -1 0 -1 1 -1 1 1 -1 -1 -1 -1 -1 -1 -1 0 -1 0 0 0 0 0 0 0 0 0 0 0 0
-5.390205 - sʲ -1 -1 1 1 -1 -1 -1 0 -1 -1 -1 1 1 -1 -1 1 -1 -1 -1 -1 0 -1 0 0 0 0 0 0 0 0 0 0 0 0
-3.163932 - sː -1 -1 1 1 -1 -1 -1 0 -1 -1 -1 1 1 -1 -1 -1 -1 -1 -1 -1 0 1 0 0 0 0 0 0 0 0 0 0 0 0
-2.537121 - t -1 -1 1 -1 -1 -1 -1 0 -1 -1 -1 1 1 -1 -1 -1 -1 -1 -1 -1 0 -1 0 0 0 0 0 0 0 0 0 0 0 0
-5.002081 - ts -1 -1 1 -1 1 -1 -1 0 -1 -1 -1 1 1 -1 -1 -1 -1 -1 -1 -1 0 -1 0 0 0 0 0 0 0 0 0 0 0 0
-6.125201 - tsʰ -1 -1 1 -1 1 -1 -1 0 -1 1 -1 1 1 -1 -1 -1 -1 -1 -1 -1 0 -1 0 0 0 0 0 0 0 0 0 0 0 0
-0.897113 - tsʲ -1 -1 1 -1 1 -1 -1 0 -1 -1 -1 1 1 -1 -1 1 -1 -1 -1 -1 0 -1 0 0 0 0 0 0 0 0 0 0 0 0
-6.375785 - tsʼ -1 -1 1 -1 1 -1 -1 0 -1 -1 1 1 1 -1 -1 -1 -1 -1 -1 -1 0 -1 0 0 0 0 0 0 0 0 0 0 0 0
-6.160802 - tɕ -1 -1 1 -1 1 -1 -1 0 -1 -1 -1 -1 1 1 -1 1 -1 -1 -1 -1 0 -1 0 0 0 0 0 0 0 0 0 0 0 0
-6.887026 - tɕʰ -1 -1 1 -1 1 -1 -1 0 -1 1 -1 -1 1 1 -1 1 -1 -1 -1 -1 0 -1 0 0 0 0 0 0 0 0 0 0 0 0
-6.433982 - tɬ -1 -1 1 -1 1 1 -1 0 -1 -1 -1 1 1 -1 -1 0 0 0 -1 -1 0 -1 0 0 0 0 0 0 0 0 0 0 0 0
-6.803757 - tʃ -1 -1 1 -1 1 -1 -1 0 -1 -1 -1 -1 1 1 -1 -1 -1 -1 -1 -1 0 -1 0 0 0 0 0 0 0 0 0 0 0 0
-6.761312 - tʃʰ -1 -1 1 -1 1 -1 -1 0 -1 1 -1 -1 1 1 -1 -1 -1 -1 -1 -1 0 -1 0 0 0 0 0 0 0 0 0 0 0 0
-4.239897 - tʰ -1 -1 1 -1 -1 -1 -1 0 -1 1 -1 1 1 -1 -1 -1 -1 -1 -1 -1 0 -1 0 0 0 0 0 0 0 0 0 0 0 0
-5.601798 - tʰː -1 -1 1 -1 -1 -1 -1 0 -1 1 -1 1 1 -1 -1 -1 -1 -1 -1 -1 0 1 0 0 0 0 0 0 0 0 0 0 0 0
-7.672924 - tʲ -1 -1 1 -1 -1 -1 -1 0 -1 -1 -1 1 1 -1 -1 1 -1 -1 -1 -1 0 -1 0 0 0 0 0 0 0 0 0 0 0 0
-6.315548 - tʼ -1 -1 1 -1 -1 -1 -1 0 -1 -1 1 1 1 -1 -1 -1 -1 -1 -1 -1 0 -1 0 0 0 0 0 0 0 0 0 0 0 0
-3.942457 - tː -1 -1 1 -1 -1 -1 -1 0 -1 -1 -1 1 1 -1 -1 -1 -1 -1 -1 -1 0 1 0 0 0 0 0 0 0 0 0 0 0 0
-2.945986 - u 1 1 -1 1 -1 -1 -1 0 1 -1 -1 0 -1 0 1 1 -1 1 1 -1 1 -1 0 0 0 0 0 0 0 0 0 0 0 0
-6.128584 - ui 1 1 -1 1 -1 -1 -1 0 1 -1 -1 0 -1 0 1 1 -1 1 1 -1 1 -1 0 0 -1 1 -1 -1 -1 -1 -1 0 0 0
-6.340510 - uɔ 1 1 -1 1 -1 -1 -1 0 1 -1 -1 0 -1 0 1 1 -1 1 1 -1 1 -1 0 0 -1 -1 1 -1 -1 -1 1 0 0 0
-7.004915 - uə 1 1 -1 1 -1 -1 -1 0 1 -1 -1 0 -1 0 1 1 -1 1 1 -1 1 -1 0 0 -1 1 1 1 -1 -1 -1 0 0 0
-7.184507 - uː 1 1 -1 1 -1 -1 -1 0 1 -1 -1 0 -1 0 1 1 -1 1 1 -1 1 1 0 0 0 0 0 0 0 0 0 0 0 0
-5.968370 - uːə 1 1 -1 1 -1 -1 -1 0 1 -1 -1 0 -1 0 1 1 -1 1 1 -1 1 1 0 0 -1 1 1 1 -1 -1 -1 0 0 0
-3.291283 - v -1 -1 1 1 -1 -1 -1 1 1 -1 -1 1 -1 0 1 -1 -1 -1 -1 -1 0 -1 0 0 0 0 0 0 0 0 0 0 0 0
-6.487225 - vʲ -1 -1 1 1 -1 -1 -1 1 1 -1 -1 1 -1 0 1 1 -1 -1 -1 -1 0 -1 0 0 0 0 0 0 0 0 0 0 0 0
-5.865581 - v̩ 1 -1 1 1 -1 -1 -1 1 1 -1 -1 1 -1 0 1 -1 -1 -1 -1 -1 0 -1 0 0 0 0 0 0 0 0 0 0 0 0
-0.425389 - w -1 1 -1 1 -1 -1 -1 0 1 -1 -1 -1 -1 0 1 1 -1 1 1 -1 0 -1 0 0 0 0 0 0 0 0 0 0 0 0
-3.696603 - x -1 -1 1 1 -1 -1 -1 0 -1 -1 -1 -1 -1 0 -1 1 -1 1 -1 -1 0 -1 0 0 0 0 0 0 0 0 0 0 0 0
-3.307388 - y 1 1 -1 1 -1 -1 -1 0 1 -1 -1 0 -1 0 1 1 -1 -1 1 -1 1 -1 0 0 0 0 0 0 0 0 0 0 0 0
-6.721300 - yː 1 1 -1 1 -1 -1 -1 0 1 -1 -1 0 -1 0 1 1 -1 -1 1 -1 1 1 0 0 0 0 0 0 0 0 0 0 0 0
-4.014757 - z -1 -1 1 1 -1 -1 -1 0 1 -1 -1 1 1 -1 -1 -1 -1 -1 -1 -1 0 -1 0 0 0 0 0 0 0 0 0 0 0 0
-1.825863 - zʲ -1 -1 1 1 -1 -1 -1 0 1 -1 -1 1 1 -1 -1 1 -1 -1 -1 -1 0 -1 0 0 0 0 0 0 0 0 0 0 0 0
-0.522990 - ² 0 0 0 0 0 0 0 0 0 0 0 0 0 0 0 0 0 0 0 0 0 0 1 -1 0 0 0 0 0 0 0 -1 -1 -1
-2.478349 - ²² 0 0 0 0 0 0 0 0 0 0 0 0 0 0 0 0 0 0 0 0 0 0 1 -1 0 0 0 0 0 0 0 -1 -1 -1
-3.908822 - ²³¹ 0 0 0 0 0 0 0 0 0 0 0 0 0 0 0 0 0 0 0 0 0 0 1 -1 0 0 0 0 0 0 0 1 -1 1
-5.718890 - ²¹ 0 0 0 0 0 0 0 0 0 0 0 0 0 0 0 0 0 0 0 0 0 0 1 -1 0 0 0 0 0 0 0 -1 1 -1
-5.262355 - ²⁴ 0 0 0 0 0 0 0 0 0 0 0 0 0 0 0 0 0 0 0 0 0 0 1 -1 0 0 0 0 0 0 0 1 -1 -1
-4.224383 - ²⁴¹ 0 0 0 0 0 0 0 0 0 0 0 0 0 0 0 0 0 0 0 0 0 0 1 -1 0 0 0 0 0 0 0 1 -1 1
-7.663014 - ³ 0 0 0 0 0 0 0 0 0 0 0 0 0 0 0 0 0 0 0 0 0 0 0 0 0 0 0 0 0 0 0 -1 -1 -1
-6.581348 - ³² 0 0 0 0 0 0 0 0 0 0 0 0 0 0 0 0 0 0 0 0 0 0 0 0 0 0 0 0 0 0 0 -1 1 -1
-3.310892 - ³³ 0 0 0 0 0 0 0 0 0 0 0 0 0 0 0 0 0 0 0 0 0 0 0 0 0 0 0 0 0 0 0 -1 -1 -1
-4.234543 - ³¹ 0 0 0 0 0 0 0 0 0 0 0 0 0 0 0 0 0 0 0 0 0 0 0 0 0 0 0 0 0 0 0 -1 1 -1
-4.023278 - ³⁵ 0 0 0 0 0 0 0 0 0 0 0 0 0 0 0 0 0 0 0 0 0 0 0 0 0 0 0 0 0 0 0 1 -1 -1
-3.935065 - ¹ 0 0 0 0 0 0 0 0 0 0 0 0 0 0 0 0 0 0 0 0 0 0 -1 -1 0 0 0 0 0 0 0 -1 -1 -1
-1.514371 - ¹³ 0 0 0 0 0 0 0 0 0 0 0 0 0 0 0 0 0 0 0 0 0 0 -1 -1 0 0 0 0 0 0 0 1 -1 -1
-7.670630 - ¹¹ 0 0 0 0 0 0 0 0 0 0 0 0 0 0 0 0 0 0 0 0 0 0 -1 -1 0 0 0 0 0 0 0 -1 -1 -1
-7.364364 - ã 1 1 -1 1 -1 -1 1 0 1 -1 -1 0 -1 0 -1 -1 1 -1 -1 -1 1 -1 0 0 0 0 0 0 0 0 0 0 0 0
-2.714605 - æ 1 1 -1 1 -1 -1 -1 0 1 -1 -1 0 -1 0 -1 -1 1 -1 -1 -1 1 -1 0 0 0 0 0 0 0 0 0 0 0 0
-6.666161 - æi 1 1 -1 1 -1 -1 -1 0 1 -1 -1 0 -1 0 -1 -1 1 -1 -1 -1 1 -1 0 0 -1 -1 -1 -1 1 1 -1 0 0 0
-4.941821 - æɪ 1 1 -1 1 -1 -1 -1 0 1 -1 -1 0 -1 0 -1 -1 1 -1 -1 -1 1 -1 0 0 -1 -1 -1 1 1 -1 -1 0 0 0
-4.050651 - æʊ 1 1 -1 1 -1 -1 -1 0 1 -1 -1 0 -1 0 -1 -1 1 -1 -1 -1 1 -1 0 0 1 -1 -1 1 1 -1 1 0 0 0
-8.115295 - æː 1 1 -1 1 -1 -1 -1 0 1 -1 -1 0 -1 0 -1 -1 1 -1 -1 -1 1 1 0 0 0 0 0 0 0 0 0 0 0 0
-1.833726 - ç -1 -1 1 1 -1 -1 -1 0 -1 -1 -1 -1 -1 0 -1 1 -1 -1 -1 -1 0 -1 0 0 0 0 0 0 0 0 0 0 0 0
-3.003705 - ð -1 -1 1 1 -1 -1 -1 0 1 -1 -1 1 1 1 -1 -1 -1 -1 -1 -1 0 -1 0 0 0 0 0 0 0 0 0 0 0 0
-6.694997 - õ 1 1 -1 1 -1 -1 1 0 1 -1 -1 0 -1 0 -1 -1 -1 1 1 -1 1 -1 0 0 0 0 0 0 0 0 0 0 0 0
-6.122265 - ø 1 1 -1 1 -1 -1 -1 0 1 -1 -1 0 -1 0 -1 -1 -1 -1 1 -1 1 -1 0 0 0 0 0 0 0 0 0 0 0 0
-7.242802 - øː 1 1 -1 1 -1 -1 -1 0 1 -1 -1 0 -1 0 -1 -1 -1 -1 1 -1 1 1 0 0 0 0 0 0 0 0 0 0 0 0
-4.681929 - ħ -1 -1 1 1 -1 -1 -1 0 -1 -1 -1 -1 -1 0 -1 -1 1 1 -1 -1 0 -1 0 0 0 0 0 0 0 0 0 0 0 0
-7.334447 - ĩ 1 1 -1 1 -1 -1 1 0 1 -1 -1 0 -1 0 -1 1 -1 -1 -1 -1 1 -1 0 0 0 0 0 0 0 0 0 0 0 0
-0.695444 - ŋ -1 1 1 -1 -1 -1 1 0 1 -1 -1 -1 -1 0 -1 1 -1 1 -1 -1 0 -1 0 0 0 0 0 0 0 0 0 0 0 0
-6.244974 - ŋ̩ 1 1 1 -1 -1 -1 1 0 1 -1 -1 -1 -1 0 -1 1 -1 1 -1 -1 0 -1 0 0 0 0 0 0 0 0 0 0 0 0
-4.564565 - œ 1 1 -1 1 -1 -1 -1 0 1 -1 -1 0 -1 0 -1 -1 -1 -1 1 -1 -1 -1 0 0 0 0 0 0 0 0 0 0 0 0
-6.442628 - œː 1 1 -1 1 -1 -1 -1 0 1 -1 -1 0 -1 0 -1 -1 -1 -1 1 -1 -1 1 0 0 0 0 0 0 0 0 0 0 0 0
-6.641465 - ũ 1 1 -1 1 -1 -1 1 0 1 -1 -1 0 -1 0 1 1 -1 1 1 -1 1 -1 0 0 0 0 0 0 0 0 0 0 0 0
-5.186636 - ȵ -1 1 1 -1 -1 -1 1 0 1 -1 -1 -1 1 1 -1 1 -1 -1 -1 -1 0 -1 0 0 0 0 0 0 0 0 0 0 0 0
-1.385516 - ɐ 1 1 -1 1 -1 -1 -1 0 1 -1 -1 0 -1 0 -1 -1 -1 1 -1 -1 1 -1 0 0 0 0 0 0 0 0 0 0 0 0
-2.647985 - ɑ 1 1 -1 1 0 -1 -1 0 1 -1 -1 0 -1 0 -1 -1 1 1 -1 -1 1 -1 0 0 0 0 0 0 0 0 0 0 0 0
-5.714166 - ɑi 1 1 -1 1 0 -1 -1 0 1 -1 -1 0 -1 0 -1 -1 1 1 -1 -1 1 -1 0 0 -1 1 -1 -1 1 1 -1 0 0 0
-3.922471 - ɑɪ 1 1 -1 1 0 -1 -1 0 1 -1 -1 0 -1 0 -1 -1 1 1 -1 -1 1 -1 0 0 -1 1 -1 1 1 1 -1 0 0 0
-6.236175 - ɑː 1 1 -1 1 0 -1 -1 0 1 -1 -1 0 -1 0 -1 -1 1 1 -1 -1 1 1 0 0 0 0 0 0 0 0 0 0 0 0
-3.155968 - ɑ̃ 1 1 -1 1 0 -1 1 0 1 -1 -1 0 -1 0 -1 -1 1 1 -1 -1 1 -1 0 0 0 0 0 0 0 0 0 0 0 0
-4.188889 - ɒ 1 1 -1 1 -1 -1 -1 0 1 -1 -1 0 -1 0 -1 -1 1 1 1 -1 1 -1 0 0 0 0 0 0 0 0 0 0 0 0
-5.957640 - ɒː 1 1 -1 1 -1 -1 -1 0 1 -1 -1 0 -1 0 -1 -1 1 1 1 -1 1 1 0 0 0 0 0 0 0 0 0 0 0 0
-3.530380 - ɔ 1 1 -1 1 -1 -1 -1 0 1 -1 -1 0 -1 0 -1 -1 -1 1 1 -1 -1 -1 0 0 0 0 0 0 0 0 0 0 0 0
-5.457803 - ɔi 1 1 -1 1 -1 -1 -1 0 1 -1 -1 0 -1 0 -1 -1 -1 1 1 -1 -1 -1 0 0 -1 1 -1 -1 1 1 -1 0 0 0
-5.913094 - ɔə 1 1 -1 1 -1 -1 -1 0 1 -1 -1 0 -1 0 -1 -1 -1 1 1 -1 -1 -1 0 0 -1 1 -1 1 -1 -1 -1 0 0 0
-6.103590 - ɔː 1 1 -1 1 -1 -1 -1 0 1 -1 -1 0 -1 0 -1 -1 -1 1 1 -1 -1 1 0 0 0 0 0 0 0 0 0 0 0 0
-5.334737 - ɔːə 1 1 -1 1 -1 -1 -1 0 1 -1 -1 0 -1 0 -1 -1 -1 1 1 -1 -1 1 0 0 -1 1 -1 1 -1 -1 -1 0 0 0
-7.766305 - ɔ̃ 1 1 -1 1 -1 -1 1 0 1 -1 -1 0 -1 0 -1 -1 -1 1 1 -1 -1 -1 0 0 0 0 0 0 0 0 0 0 0 0
-6.141075 - ɕ -1 -1 1 1 1 -1 -1 0 -1 -1 -1 -1 1 1 -1 1 -1 -1 -1 -1 0 -1 0 0 0 0 0 0 0 0 0 0 0 0
-4.881101 - ɖ -1 -1 1 -1 -1 -1 -1 0 1 -1 -1 -1 1 -1 -1 -1 -1 -1 -1 -1 0 -1 0 0 0 0 0 0 0 0 0 0 0 0
-6.203526 - ɖʐ -1 -1 1 -1 1 -1 -1 0 1 -1 -1 -1 1 -1 -1 0 0 0 -1 -1 0 -1 0 0 0 0 0 0 0 0 0 0 0 0
-0.034251 - ɘ 1 1 -1 1 -1 -1 -1 0 1 -1 -1 0 -1 0 -1 -1 -1 1 -1 -1 -1 -1 0 0 0 0 0 0 0 0 0 0 0 0
-0.798736 - ə 1 1 -1 1 -1 -1 -1 0 1 -1 -1 0 -1 0 -1 -1 -1 1 -1 -1 -1 -1 0 0 0 0 0 0 0 0 0 0 0 0
-5.469209 - əu 1 1 -1 1 -1 -1 -1 0 1 -1 -1 0 -1 0 -1 -1 -1 1 -1 -1 -1 -1 0 0 1 -1 -1 -1 1 -1 1 0 0 0
-4.468083 - əɯ 1 1 -1 1 -1 -1 -1 0 1 -1 -1 0 -1 0 -1 -1 -1 1 -1 -1 -1 -1 0 0 1 -1 -1 -1 1 -1 -1 0 0 0
-4.799006 - ə̃ 1 1 -1 1 -1 -1 1 0 1 -1 -1 0 -1 0 -1 -1 -1 1 -1 -1 -1 -1 0 0 0 0 0 0 0 0 0 0 0 0
0.208695 - ɚ 1 1 -1 1 -1 -1 -1 0 1 -1 -1 -1 -1 0 -1 1 -1 1 1 -1 -1 -1 0 0 0 0 0 0 0 0 0 0 0 0
-2.483305 - ɛ 1 1 -1 1 -1 -1 -1 0 1 -1 -1 0 -1 0 -1 -1 -1 -1 -1 -1 -1 -1 0 0 0 0 0 0 0 0 0 0 0 0
-7.171547 - ɛi 1 1 -1 1 -1 -1 -1 0 1 -1 -1 0 -1 0 -1 -1 -1 -1 -1 -1 -1 -1 0 0 -1 -1 -1 -1 1 1 -1 0 0 0
-5.993984 - ɛɪ 1 1 -1 1 -1 -1 -1 0 1 -1 -1 0 -1 0 -1 -1 -1 -1 -1 -1 -1 -1 0 0 -1 -1 -1 1 1 -1 -1 0 0 0
-8.412861 - ɛː 1 1 -1 1 -1 -1 -1 0 1 -1 -1 0 -1 0 -1 -1 -1 -1 -1 -1 -1 1 0 0 0 0 0 0 0 0 0 0 0 0
-4.099659 - ɛ̃ 1 1 -1 1 -1 -1 1 0 1 -1 -1 0 -1 0 -1 -1 -1 -1 -1 -1 -1 -1 0 0 0 0 0 0 0 0 0 0 0 0
-4.814860 - ɛ̠ 1 1 -1 1 -1 -1 -1 0 1 -1 -1 0 -1 0 -1 -1 -1 -1 -1 -1 -1 -1 0 0 0 0 0 0 0 0 0 0 0 0
-4.081262 - ɜ 1 1 -1 1 -1 -1 -1 0 1 -1 -1 0 -1 0 -1 -1 -1 1 -1 -1 1 -1 0 0 0 0 0 0 0 0 0 0 0 0
-4.350745 - ɜʉ 1 1 -1 1 -1 -1 -1 0 1 -1 -1 0 -1 0 -1 -1 -1 1 -1 -1 1 -1 0 0 -1 -1 -1 -1 1 1 1 0 0 0
-4.789931 - ɟ -1 -1 1 -1 -1 -1 -1 0 1 -1 -1 -1 -1 0 -1 1 -1 -1 -1 -1 0 -1 0 0 0 0 0 0 0 0 0 0 0 0
-0.787314 - ɡ -1 -1 1 -1 -1 -1 -1 0 1 -1 -1 -1 -1 0 -1 1 -1 1 -1 -1 0 -1 0 0 0 0 0 0 0 0 0 0 0 0
-4.599974 - ɢ -1 -1 1 -1 -1 -1 -1 0 1 -1 -1 -1 -1 0 -1 -1 -1 1 -1 -1 0 -1 0 0 0 0 0 0 0 0 0 0 0 0
-2.787435 - ɣ -1 -1 1 1 -1 -1 -1 0 1 -1 -1 -1 -1 0 -1 1 -1 1 -1 -1 0 -1 0 0 0 0 0 0 0 0 0 0 0 0
-2.923245 - ɤ 1 1 -1 1 0 -1 -1 0 1 -1 -1 0 -1 0 -1 -1 -1 1 -1 -1 1 -1 0 0 0 0 0 0 0 0 0 0 0 0
-3.518792 - ɦ -1 1 1 1 -1 -1 -1 0 1 -1 -1 -1 -1 0 -1 -1 -1 -1 -1 -1 0 -1 0 0 0 0 0 0 0 0 0 0 0 0
-2.810205 - ɨ 1 1 -1 1 -1 -1 -1 0 1 -1 -1 0 -1 0 -1 1 -1 1 -1 -1 1 -1 0 0 0 0 0 0 0 0 0 0 0 0
-2.264189 - ɪ 1 1 -1 1 -1 -1 -1 0 1 -1 -1 0 -1 0 -1 1 -1 -1 -1 -1 -1 -1 0 0 0 0 0 0 0 0 0 0 0 0
-4.214269 - ɪi 1 1 -1 1 -1 -1 -1 0 1 -1 -1 0 -1 0 -1 1 -1 -1 -1 -1 -1 -1 0 0 -1 -1 -1 -1 -1 -1 -1 0 0 0
-5.833647 - ɪə 1 1 -1 1 -1 -1 -1 0 1 -1 -1 0 -1 0 -1 1 -1 -1 -1 -1 -1 -1 0 0 1 -1 1 1 -1 -1 -1 0 0 0
-0.968939 - ɫ -1 1 1 1 0 1 -1 0 1 -1 -1 1 1 -1 -1 -1 -1 1 -1 -1 0 -1 0 0 0 0 0 0 0 0 0 0 0 0
-6.000333 - ɬ -1 -1 1 1 1 1 -1 0 -1 -1 -1 1 1 -1 -1 0 0 0 -1 -1 0 -1 0 0 0 0 0 0 0 0 0 0 0 0
-5.189072 - ɭ -1 1 1 1 0 1 -1 0 1 -1 -1 -1 1 -1 -1 0 0 0 -1 -1 0 -1 0 0 0 0 0 0 0 0 0 0 0 0
-3.548766 - ɮ -1 -1 1 1 1 1 -1 0 1 -1 -1 -1 1 -1 -1 0 0 0 -1 -1 0 -1 0 0 0 0 0 0 0 0 0 0 0 0
-4.798647 - ɯ 1 1 -1 1 -1 -1 -1 0 1 -1 -1 0 -1 0 -1 1 -1 1 -1 -1 -1 -1 0 0 0 0 0 0 0 0 0 0 0 0
-0.693402 - ɰ -1 1 -1 1 0 -1 -1 0 1 -1 -1 -1 -1 0 -1 1 -1 0 -1 -1 1 -1 0 0 0 0 0 0 0 0 0 0 0 0
2.410869 - ɱ -1 1 1 -1 0 -1 1 0 1 -1 -1 1 -1 0 1 0 0 0 -1 -1 0 -1 0 0 0 0 0 0 0 0 0 0 0 0
-3.481716 - ɲ -1 1 1 -1 -1 -1 1 0 1 -1 -1 -1 -1 0 -1 1 -1 -1 -1 -1 0 -1 0 0 0 0 0 0 0 0 0 0 0 0
-6.059232 - ɲː -1 1 1 -1 -1 -1 1 0 1 -1 -1 -1 -1 0 -1 1 -1 -1 -1 -1 0 1 0 0 0 0 0 0 0 0 0 0 0 0
-3.425507 - ɳ -1 1 1 -1 -1 -1 1 0 1 -1 -1 -1 1 0 -1 -1 -1 -1 -1 -1 0 -1 0 0 0 0 0 0 0 0 0 0 0 0
-3.355638 - ɴ -1 1 1 -1 -1 -1 1 0 1 -1 -1 -1 -1 0 -1 -1 -1 1 -1 -1 0 -1 0 0 0 0 0 0 0 0 0 0 0 0
-4.075581 - ɵ 1 1 -1 1 -1 -1 -1 0 1 -1 -1 0 -1 0 -1 -1 -1 1 1 -1 -1 -1 0 0 0 0 0 0 0 0 0 0 0 0
-4.254003 - ɸ -1 -1 1 1 -1 -1 -1 -1 -1 -1 -1 1 -1 0 1 -1 -1 -1 -1 -1 0 -1 0 0 0 0 0 0 0 0 0 0 0 0
-0.010043 - ɹ -1 1 -1 1 -1 -1 -1 0 1 -1 -1 1 1 -1 -1 1 -1 1 1 -1 0 -1 0 0 0 0 0 0 0 0 0 0 0 0
-1.152709 - ɻ -1 1 -1 1 -1 -1 -1 0 1 -1 -1 -1 1 -1 -1 -1 -1 -1 -1 -1 0 -1 0 0 0 0 0 0 0 0 0 0 0 0
-4.196677 - ɽ -1 1 1 1 0 -1 -1 0 1 -1 -1 -1 1 -1 -1 0 0 0 -1 -1 0 -1 0 0 0 0 0 0 0 0 0 0 0 0
-1.718466 - ɾ -1 1 1 1 0 -1 -1 0 1 -1 -1 1 1 -1 -1 0 0 0 -1 -1 0 -1 0 0 0 0 0 0 0 0 0 0 0 0
-4.095716 - ɾˠ -1 1 1 1 0 -1 -1 0 1 -1 -1 1 1 -1 -1 1 0 1 -1 -1 0 -1 0 0 0 0 0 0 0 0 0 0 0 0
-7.748160 - ɿ 1 1 -1 1 -1 -1 -1 0 1 -1 1 0 -1 0 -1 1 -1 1 -1 -1 -1 -1 0 0 0 0 0 0 0 0 0 0 0 0
-2.090406 - ʀ -1 1 1 1 0 -1 -1 0 1 -1 -1 -1 -1 0 -1 -1 -1 1 -1 -1 0 -1 0 0 0 0 0 0 0 0 0 0 0 0
-1.480998 - ʁ -1 -1 1 1 -1 -1 -1 0 1 -1 -1 -1 -1 0 -1 -1 -1 1 -1 -1 0 -1 0 0 0 0 0 0 0 0 0 0 0 0
-6.047685 - ʂ -1 -1 1 1 -1 -1 -1 0 -1 -1 -1 -1 1 -1 -1 -1 -1 -1 -1 -1 0 -1 0 0 0 0 0 0 0 0 0 0 0 0
-3.981698 - ʃ -1 -1 1 1 -1 -1 -1 0 -1 -1 -1 -1 1 1 -1 -1 -1 -1 -1 -1 0 -1 0 0 0 0 0 0 0 0 0 0 0 0
-7.783078 - ʅ 1 1 -1 1 -1 -1 -1 0 1 -1 1 0 -1 0 -1 -1 -1 1 -1 -1 -1 -1 0 0 0 0 0 0 0 0 0 0 0 0
-2.164846 - ʈ -1 -1 1 -1 -1 -1 -1 0 -1 -1 -1 -1 1 -1 -1 -1 -1 -1 -1 -1 0 -1 0 0 0 0 0 0 0 0 0 0 0 0
-4.360821 - ʈʂ -1 -1 1 -1 1 -1 -1 0 -1 -1 -1 -1 1 -1 -1 0 0 0 -1 -1 0 -1 0 0 0 0 0 0 0 0 0 0 0 0
-3.349404 - ʈʂʰ -1 -1 1 -1 1 -1 -1 0 -1 1 -1 -1 1 -1 -1 0 0 0 -1 -1 0 -1 0 0 0 0 0 0 0 0 0 0 0 0
-5.239958 - ʈʰ -1 -1 1 -1 -1 -1 -1 0 -1 1 -1 -1 1 -1 -1 -1 -1 -1 -1 -1 0 -1 0 0 0 0 0 0 0 0 0 0 0 0
-4.706459 - ʉ 1 1 -1 1 0 -1 -1 0 1 -1 -1 0 -1 0 1 1 -1 -1 1 -1 1 -1 0 0 0 0 0 0 0 0 0 0 0 0
-4.963640 - ʉː 1 1 -1 1 0 -1 -1 0 1 -1 -1 0 -1 0 1 1 -1 -1 1 -1 1 1 0 0 0 0 0 0 0 0 0 0 0 0
-1.711053 - ʊ 1 1 -1 1 -1 -1 -1 0 1 -1 -1 0 -1 0 -1 1 -1 1 1 -1 -1 -1 0 0 0 0 0 0 0 0 0 0 0 0
-4.959032 - ʊə 1 1 -1 1 -1 -1 -1 0 1 -1 -1 0 -1 0 -1 1 -1 1 1 -1 -1 -1 0 0 -1 1 1 1 -1 -1 -1 0 0 0
-4.233844 - ʋ -1 1 -1 1 0 -1 -1 0 1 -1 -1 1 -1 0 1 0 0 0 -1 -1 0 -1 0 0 0 0 0 0 0 0 0 0 0 0
-5.811075 - ʌ 1 1 -1 1 -1 -1 -1 0 1 -1 -1 0 -1 0 -1 -1 -1 1 -1 -1 1 -1 0 0 0 0 0 0 0 0 0 0 0 0
-4.579185 - ʌʊ 1 1 -1 1 -1 -1 -1 0 1 -1 -1 0 -1 0 -1 -1 -1 1 -1 -1 1 -1 0 0 -1 -1 -1 1 1 -1 1 0 0 0
-2.424261 - ʎ -1 1 1 1 0 1 -1 0 1 -1 -1 -1 1 1 -1 1 -1 -1 -1 -1 0 -1 0 0 0 0 0 0 0 0 0 0 0 0
-4.322756 - ʎː -1 1 1 1 0 1 -1 0 1 -1 -1 -1 1 1 -1 1 -1 -1 -1 -1 0 1 0 0 0 0 0 0 0 0 0 0 0 0
-1.878241 - ʏ 1 1 -1 1 -1 -1 -1 0 1 -1 -1 0 -1 0 -1 1 -1 -1 1 -1 -1 -1 0 0 0 0 0 0 0 0 0 0 0 0
-4.440728 - ʐ -1 -1 1 1 -1 -1 -1 0 1 -1 -1 -1 1 -1 -1 -1 -1 -1 -1 -1 0 -1 0 0 0 0 0 0 0 0 0 0 0 0
-2.029014 - ʑ -1 -1 1 1 1 -1 -1 0 1 -1 -1 -1 1 1 -1 1 -1 -1 -1 -1 0 -1 0 0 0 0 0 0 0 0 0 0 0 0
-4.020922 - ʒ -1 -1 1 1 -1 -1 -1 0 1 -1 -1 -1 1 1 -1 -1 -1 -1 -1 -1 0 -1 0 0 0 0 0 0 0 0 0 0 0 0
0.504260 - ʔ -1 1 -1 -1 -1 -1 -1 0 -1 -1 1 -1 -1 0 -1 -1 -1 -1 -1 -1 0 -1 0 0 0 0 0 0 0 0 0 0 0 0
-1.366828 - ʕ -1 -1 1 1 -1 -1 -1 0 1 -1 -1 -1 -1 0 -1 -1 1 1 -1 -1 0 -1 0 0 0 0 0 0 0 0 0 0 0 0
-2.630257 - ʝ -1 -1 1 1 -1 -1 -1 0 1 -1 -1 -1 -1 0 -1 1 -1 -1 -1 -1 0 -1 0 0 0 0 0 0 0 0 0 0 0 0
-3.711761 - ˀl -1 1 1 1 -1 1 -1 0 1 -1 1 1 1 -1 -1 -1 -1 -1 -1 -1 0 -1 0 0 0 0 0 0 0 0 0 0 0 0
-3.941793 - β -1 -1 1 1 -1 -1 -1 -1 1 -1 -1 1 -1 0 1 -1 -1 -1 -1 -1 0 -1 0 0 0 0 0 0 0 0 0 0 0 0
-5.431786 - θ -1 -1 1 1 -1 -1 -1 0 -1 -1 -1 1 1 1 -1 -1 -1 -1 -1 -1 0 -1 0 0 0 0 0 0 0 0 0 0 0 0
-2.862662 - χ -1 -1 1 1 -1 -1 -1 0 -1 -1 -1 -1 -1 0 -1 -1 -1 1 -1 -1 0 -1 0 0 0 0 0 0 0 0 0 0 0 0
-3.130315 - ẽ 1 1 -1 1 -1 -1 1 0 1 -1 -1 0 -1 0 -1 -1 -1 -1 -1 -1 1 -1 0 0 0 0 0 0 0 0 0 0 0 0
0.903380 - ⁴ 0 0 0 0 0 0 0 0 0 0 0 0 0 0 0 0 0 0 0 0 0 0 -1 1 0 0 0 0 0 0 0 -1 -1 -1
-6.096254 - ⁴² 0 0 0 0 0 0 0 0 0 0 0 0 0 0 0 0 0 0 0 0 0 0 -1 1 0 0 0 0 0 0 0 -1 1 -1
-3.176133 - ⁴³ 0 0 0 0 0 0 0 0 0 0 0 0 0 0 0 0 0 0 0 0 0 0 -1 1 0 0 0 0 0 0 0 -1 1 -1
-4.587758 - ⁴¹ 0 0 0 0 0 0 0 0 0 0 0 0 0 0 0 0 0 0 0 0 0 0 -1 1 0 0 0 0 0 0 0 -1 1 -1
-2.062100 - ⁴⁴ 0 0 0 0 0 0 0 0 0 0 0 0 0 0 0 0 0 0 0 0 0 0 -1 1 0 0 0 0 0 0 0 -1 -1 -1
-4.095949 - ⁴⁵³ 0 0 0 0 0 0 0 0 0 0 0 0 0 0 0 0 0 0 0 0 0 0 -1 1 0 0 0 0 0 0 0 1 -1 1
-1.269957 - ⁵³ 0 0 0 0 0 0 0 0 0 0 0 0 0 0 0 0 0 0 0 0 0 0 1 1 0 0 0 0 0 0 0 -1 1 -1
-4.093255 - ⁵¹ 0 0 0 0 0 0 0 0 0 0 0 0 0 0 0 0 0 0 0 0 0 0 1 1 0 0 0 0 0 0 0 -1 1 -1
-4.826746 - ⁵⁴ 0 0 0 0 0 0 0 0 0 0 0 0 0 0 0 0 0 0 0 0 0 0 1 1 0 0 0 0 0 0 0 -1 1 -1
-2.718803 - ⁵⁵ 0 0 0 0 0 0 0 0 0 0 0 0 0 0 0 0 0 0 0 0 0 0 1 1 0 0 0 0 0 0 0 -1 -1 -1
-2.907617 a - 1 1 -1 1 -1 -1 -1 0 1 -1 -1 0 -1 0 -1 -1 1 -1 -1 -1 1 -1 0 0 0 0 0 0 0 0 0 0 0 0
-3.949506 ai - 1 1 -1 1 -1 -1 -1 0 1 -1 -1 0 -1 0 -1 -1 1 -1 -1 -1 1 -1 0 0 -1 -1 -1 -1 1 1 -1 0 0 0
-7.029200 au - 1 1 -1 1 -1 -1 -1 0 1 -1 -1 0 -1 0 -1 -1 1 -1 -1 -1 1 -1 0 0 1 -1 -1 -1 1 1 1 0 0 0
-6.056525 aɪ - 1 1 -1 1 -1 -1 -1 0 1 -1 -1 0 -1 0 -1 -1 1 -1 -1 -1 1 -1 0 0 -1 -1 -1 1 1 1 -1 0 0 0
-5.277394 aʊ - 1 1 -1 1 -1 -1 -1 0 1 -1 -1 0 -1 0 -1 -1 1 -1 -1 -1 1 -1 0 0 1 -1 -1 1 1 1 1 0 0 0
-7.657151 aː - 1 1 -1 1 -1 -1 -1 0 1 -1 -1 0 -1 0 -1 -1 1 -1 -1 -1 1 1 0 0 0 0 0 0 0 0 0 0 0 0
-6.005566 aːə - 1 1 -1 1 -1 -1 -1 0 1 -1 -1 0 -1 0 -1 -1 1 -1 -1 -1 1 1 0 0 1 -1 -1 1 1 -1 -1 0 0 0
-4.968742 a̠ - 1 1 -1 1 -1 -1 -1 0 1 -1 -1 0 -1 0 -1 -1 1 -1 -1 -1 1 -1 0 0 0 0 0 0 0 0 0 0 0 0
-4.924295 b - -1 -1 1 -1 -1 -1 -1 0 1 -1 -1 1 -1 0 1 -1 -1 -1 -1 -1 0 -1 0 0 0 0 0 0 0 0 0 0 0 0
-1.560874 c - -1 -1 1 -1 -1 -1 -1 0 -1 -1 -1 -1 -1 0 -1 1 -1 -1 -1 -1 0 -1 0 0 0 0 0 0 0 0 0 0 0 0
-2.885326 d - -1 -1 1 -1 -1 -1 -1 0 1 -1 -1 1 1 -1 -1 -1 -1 -1 -1 -1 0 -1 0 0 0 0 0 0 0 0 0 0 0 0
-8.253133 dz - -1 -1 1 -1 1 -1 -1 0 1 -1 -1 1 1 -1 -1 -1 -1 -1 -1 -1 0 -1 0 0 0 0 0 0 0 0 0 0 0 0
-5.860665 dʑ - -1 -1 1 -1 1 -1 -1 0 1 -1 -1 -1 1 1 -1 1 -1 -1 -1 -1 0 -1 0 0 0 0 0 0 0 0 0 0 0 0
-4.924096 dʒ - -1 -1 1 -1 1 -1 -1 0 1 -1 -1 -1 1 1 -1 -1 -1 -1 -1 -1 0 -1 0 0 0 0 0 0 0 0 0 0 0 0
-6.351511 dʲ - -1 -1 1 -1 -1 -1 -1 0 1 -1 -1 1 1 -1 -1 1 -1 -1 -1 -1 0 -1 0 0 0 0 0 0 0 0 0 0 0 0
-5.413607 d̪ - -1 -1 1 -1 -1 -1 -1 0 1 -1 -1 1 1 1 -1 -1 -1 -1 -1 -1 0 -1 0 0 0 0 0 0 0 0 0 0 0 0
-2.336987 e - 1 1 -1 1 -1 -1 -1 0 1 -1 -1 0 -1 0 -1 -1 -1 -1 -1 -1 1 -1 0 0 0 0 0 0 0 0 0 0 0 0
-3.862589 ei - 1 1 -1 1 -1 -1 -1 0 1 -1 -1 0 -1 0 -1 -1 -1 -1 -1 -1 1 -1 0 0 -1 -1 -1 -1 1 -1 -1 0 0 0
-6.278189 eu - 1 1 -1 1 -1 -1 -1 0 1 -1 -1 0 -1 0 -1 -1 -1 -1 -1 -1 1 -1 0 0 1 -1 -1 -1 1 -1 1 0 0 0
-6.703853 eə - 1 1 -1 1 -1 -1 -1 0 1 -1 -1 0 -1 0 -1 -1 -1 -1 -1 -1 1 -1 0 0 1 -1 -1 1 -1 -1 -1 0 0 0
-5.501960 eɪ - 1 1 -1 1 -1 -1 -1 0 1 -1 -1 0 -1 0 -1 -1 -1 -1 -1 -1 1 -1 0 0 -1 -1 -1 1 -1 -1 -1 0 0 0
-7.906116 eː - 1 1 -1 1 -1 -1 -1 0 1 -1 -1 0 -1 0 -1 -1 -1 -1 -1 -1 1 1 0 0 0 0 0 0 0 0 0 0 0 0
-6.125232 eːi - 1 1 -1 1 -1 -1 -1 0 1 -1 -1 0 -1 0 -1 -1 -1 -1 -1 -1 1 1 0 0 -1 -1 -1 -1 1 -1 -1 0 0 0
-4.624280 e˞ - 1 1 -1 1 -1 -1 -1 0 1 -1 -1 -1 -1 0 -1 1 -1 -1 1 -1 1 -1 0 0 0 0 0 0 0 0 0 0 0 0
-5.835028 f - -1 -1 1 1 -1 -1 -1 1 -1 -1 -1 1 -1 0 1 -1 -1 -1 -1 -1 0 -1 0 0 0 0 0 0 0 0 0 0 0 0
-4.321077 g - -1 -1 1 -1 -1 -1 -1 0 1 -1 -1 -1 -1 0 -1 1 -1 1 -1 -1 0 -1 0 0 0 0 0 0 0 0 0 0 0 0
-2.942364 h - -1 1 1 1 -1 -1 -1 0 -1 -1 -1 -1 -1 0 -1 -1 -1 -1 -1 -1 0 -1 0 0 0 0 0 0 0 0 0 0 0 0
-1.973267 i - 1 1 -1 1 -1 -1 -1 0 1 -1 -1 0 -1 0 -1 1 -1 -1 -1 -1 1 -1 0 0 0 0 0 0 0 0 0 0 0 0
-9.142818 ia - 1 1 -1 1 -1 -1 -1 0 1 -1 -1 0 -1 0 -1 1 -1 -1 -1 -1 1 -1 0 0 -1 -1 1 -1 -1 1 -1 0 0 0
-7.764404 iə - 1 1 -1 1 -1 -1 -1 0 1 -1 -1 0 -1 0 -1 1 -1 -1 -1 -1 1 -1 0 0 1 -1 1 1 -1 -1 -1 0 0 0
-3.094460 iː - 1 1 -1 1 -1 -1 -1 0 1 -1 -1 0 -1 0 -1 1 -1 -1 -1 -1 1 1 0 0 0 0 0 0 0 0 0 0 0 0
-4.831349 iːə - 1 1 -1 1 -1 -1 -1 0 1 -1 -1 0 -1 0 -1 1 -1 -1 -1 -1 1 1 0 0 1 -1 1 1 -1 -1 -1 0 0 0
-0.369952 j - -1 1 -1 1 -1 -1 -1 0 1 -1 -1 -1 -1 0 -1 1 -1 -1 -1 -1 0 -1 0 0 0 0 0 0 0 0 0 0 0 0
-2.578825 k - -1 -1 1 -1 -1 -1 -1 0 -1 -1 -1 -1 -1 0 -1 1 -1 1 -1 -1 0 -1 0 0 0 0 0 0 0 0 0 0 0 0
-4.801953 kʰ - -1 -1 1 -1 -1 -1 -1 0 -1 1 -1 -1 -1 0 -1 1 -1 1 -1 -1 0 -1 0 0 0 0 0 0 0 0 0 0 0 0
-5.633870 kʰː - -1 -1 1 -1 -1 -1 -1 0 -1 1 -1 -1 -1 0 -1 1 -1 1 -1 -1 0 1 0 0 0 0 0 0 0 0 0 0 0 0
-6.825719 kʼ - -1 -1 1 -1 -1 -1 -1 0 -1 -1 1 -1 -1 0 -1 1 -1 1 -1 -1 0 -1 0 0 0 0 0 0 0 0 0 0 0 0
-7.284360 kː - -1 -1 1 -1 -1 -1 -1 0 -1 -1 -1 -1 -1 0 -1 1 -1 1 -1 -1 0 1 0 0 0 0 0 0 0 0 0 0 0 0
-4.006612 l - -1 1 1 1 -1 1 -1 0 1 -1 -1 1 1 -1 -1 -1 -1 -1 -1 -1 0 -1 0 0 0 0 0 0 0 0 0 0 0 0
-8.025015 lʲ - -1 1 1 1 -1 1 -1 0 1 -1 -1 1 1 -1 -1 1 -1 -1 -1 -1 0 -1 0 0 0 0 0 0 0 0 0 0 0 0
0.692021 lˀ - -1 1 1 1 -1 1 -1 0 1 -1 1 1 1 -1 -1 -1 -1 -1 -1 -1 0 -1 0 0 0 0 0 0 0 0 0 0 0 0
-4.487092 lː - -1 1 1 1 -1 1 -1 0 1 -1 -1 1 1 -1 -1 -1 -1 -1 -1 -1 0 1 0 0 0 0 0 0 0 0 0 0 0 0
-3.731052 lˠ - -1 1 1 1 -1 1 -1 0 1 -1 -1 1 1 -1 -1 1 -1 1 -1 -1 0 -1 0 0 0 0 0 0 0 0 0 0 0 0
-5.212370 l̩ - 1 1 1 1 -1 1 -1 0 1 -1 -1 1 1 -1 -1 -1 -1 -1 -1 -1 0 -1 0 0 0 0 0 0 0 0 0 0 0 0
-3.733451 l̩ː - 1 1 1 1 -1 1 -1 0 1 -1 -1 1 1 -1 -1 -1 -1 -1 -1 -1 0 1 0 0 0 0 0 0 0 0 0 0 0 0
-2.838643 m - -1 1 1 -1 -1 -1 1 0 1 -1 -1 1 -1 0 1 -1 -1 -1 -1 -1 0 -1 0 0 0 0 0 0 0 0 0 0 0 0
-5.457908 mʲ - -1 1 1 -1 -1 -1 1 0 1 -1 -1 1 -1 0 1 1 -1 -1 -1 -1 0 -1 0 0 0 0 0 0 0 0 0 0 0 0
-5.946097 mː - -1 1 1 -1 -1 -1 1 0 1 -1 -1 1 -1 0 1 -1 -1 -1 -1 -1 0 1 0 0 0 0 0 0 0 0 0 0 0 0
-5.938712 m̥ - -1 1 1 -1 -1 -1 1 0 -1 -1 -1 1 -1 0 1 -1 -1 -1 -1 -1 0 -1 0 0 0 0 0 0 0 0 0 0 0 0
-7.830664 m̩ - 1 1 1 -1 -1 -1 1 0 1 -1 -1 1 -1 0 1 -1 -1 -1 -1 -1 0 -1 0 0 0 0 0 0 0 0 0 0 0 0
-1.155339 n - -1 1 1 -1 -1 -1 1 0 1 -1 -1 1 1 -1 -1 -1 -1 -1 -1 -1 0 -1 0 0 0 0 0 0 0 0 0 0 0 0
-7.109450 nʲ - -1 1 1 -1 -1 -1 1 0 1 -1 -1 1 1 -1 -1 1 -1 -1 -1 -1 0 -1 0 0 0 0 0 0 0 0 0 0 0 0
0.273912 nˀ - -1 1 1 -1 -1 -1 1 0 1 -1 1 1 1 -1 -1 -1 -1 -1 -1 -1 0 -1 0 0 0 0 0 0 0 0 0 0 0 0
-3.276579 nː - -1 1 1 -1 -1 -1 1 0 1 -1 -1 1 1 -1 -1 -1 -1 -1 -1 -1 0 1 0 0 0 0 0 0 0 0 0 0 0 0
-5.292673 n̥ - -1 1 1 -1 -1 -1 1 0 -1 -1 -1 1 1 -1 -1 -1 -1 -1 -1 -1 0 -1 0 0 0 0 0 0 0 0 0 0 0 0
-1.079190 n̩ - 1 1 1 -1 -1 -1 1 0 1 -1 -1 1 1 -1 -1 -1 -1 -1 -1 -1 0 -1 0 0 0 0 0 0 0 0 0 0 0 0
-5.133638 n̪ - -1 1 1 -1 -1 -1 1 0 1 -1 -1 1 1 1 -1 -1 -1 -1 -1 -1 0 -1 0 0 0 0 0 0 0 0 0 0 0 0
-3.549362 o - 1 1 -1 1 -1 -1 -1 0 1 -1 -1 0 -1 0 -1 -1 -1 1 1 -1 1 -1 0 0 0 0 0 0 0 0 0 0 0 0
-6.549816 ou - 1 1 -1 1 -1 -1 -1 0 1 -1 -1 0 -1 0 -1 -1 -1 1 1 -1 1 -1 0 0 -1 -1 -1 -1 1 -1 1 0 0 0
-6.568351 oə - 1 1 -1 1 -1 -1 -1 0 1 -1 -1 0 -1 0 -1 -1 -1 1 1 -1 1 -1 0 0 -1 1 -1 1 -1 -1 -1 0 0 0
-4.685689 oʊ - 1 1 -1 1 -1 -1 -1 0 1 -1 -1 0 -1 0 -1 -1 -1 1 1 -1 1 -1 0 0 -1 -1 -1 1 -1 -1 1 0 0 0
-5.643785 oː - 1 1 -1 1 -1 -1 -1 0 1 -1 -1 0 -1 0 -1 -1 -1 1 1 -1 1 1 0 0 0 0 0 0 0 0 0 0 0 0
-6.047880 oːɑ - 1 1 -1 1 -1 -1 -1 0 1 -1 -1 0 -1 0 -1 -1 -1 1 1 -1 1 1 0 0 -1 -1 1 -1 -1 1 -1 0 0 0
-5.711303 oːə - 1 1 -1 1 -1 -1 -1 0 1 -1 -1 0 -1 0 -1 -1 -1 1 1 -1 1 1 0 0 -1 1 -1 1 -1 -1 -1 0 0 0
-3.849349 p - -1 -1 1 -1 -1 -1 -1 0 -1 -1 -1 1 -1 0 1 -1 -1 -1 -1 -1 0 -1 0 0 0 0 0 0 0 0 0 0 0 0
-5.120571 pʰ - -1 -1 1 -1 -1 -1 -1 0 -1 1 -1 1 -1 0 1 -1 -1 -1 -1 -1 0 -1 0 0 0 0 0 0 0 0 0 0 0 0
-1.254108 pʰː - -1 -1 1 -1 -1 -1 -1 0 -1 1 -1 1 -1 0 1 -1 -1 -1 -1 -1 0 1 0 0 0 0 0 0 0 0 0 0 0 0
-6.501995 pʲ - -1 -1 1 -1 -1 -1 -1 0 -1 -1 -1 1 -1 0 1 1 -1 -1 -1 -1 0 -1 0 0 0 0 0 0 0 0 0 0 0 0
-6.213732 pː - -1 -1 1 -1 -1 -1 -1 0 -1 -1 -1 1 -1 0 1 -1 -1 -1 -1 -1 0 1 0 0 0 0 0 0 0 0 0 0 0 0
-5.391583 q - -1 -1 1 -1 -1 -1 -1 0 -1 -1 -1 -1 -1 0 -1 -1 -1 1 -1 -1 0 -1 0 0 0 0 0 0 0 0 0 0 0 0
-6.378824 qʰ - -1 -1 1 -1 -1 -1 -1 0 -1 1 -1 -1 -1 0 -1 -1 -1 1 -1 -1 0 -1 0 0 0 0 0 0 0 0 0 0 0 0
-6.416438 qʼ - -1 -1 1 -1 -1 -1 -1 0 -1 -1 1 -1 -1 0 -1 -1 -1 1 -1 -1 0 -1 0 0 0 0 0 0 0 0 0 0 0 0
-2.503410 r - -1 1 1 1 0 -1 -1 0 1 -1 -1 1 1 -1 -1 0 0 0 -1 -1 0 -1 0 0 0 0 0 0 0 0 0 0 0 0
-2.419338 rʲ - -1 1 1 1 0 -1 -1 0 1 -1 -1 1 1 -1 -1 1 0 -1 -1 -1 0 -1 0 0 0 0 0 0 0 0 0 0 0 0
-4.727391 rː - -1 1 1 1 0 -1 -1 0 1 -1 -1 1 1 -1 -1 0 0 0 -1 -1 0 1 0 0 0 0 0 0 0 0 0 0 0 0
-1.210224 r̥ - -1 1 1 1 0 -1 -1 0 -1 -1 -1 1 1 -1 -1 0 0 0 -1 -1 0 -1 0 0 0 0 0 0 0 0 0 0 0 0
-3.060649 s - -1 -1 1 1 -1 -1 -1 0 -1 -1 -1 1 1 -1 -1 -1 -1 -1 -1 -1 0 -1 0 0 0 0 0 0 0 0 0 0 0 0
-6.743334 sʰ - -1 -1 1 1 -1 -1 -1 0 -1 1 -1 1 1 -1 -1 -1 -1 -1 -1 -1 0 -1 0 0 0 0 0 0 0 0 0 0 0 0
-5.384874 sʲ - -1 -1 1 1 -1 -1 -1 0 -1 -1 -1 1 1 -1 -1 1 -1 -1 -1 -1 0 -1 0 0 0 0 0 0 0 0 0 0 0 0
-3.165910 sː - -1 -1 1 1 -1 -1 -1 0 -1 -1 -1 1 1 -1 -1 -1 -1 -1 -1 -1 0 1 0 0 0 0 0 0 0 0 0 0 0 0
-2.542124 t - -1 -1 1 -1 -1 -1 -1 0 -1 -1 -1 1 1 -1 -1 -1 -1 -1 -1 -1 0 -1 0 0 0 0 0 0 0 0 0 0 0 0
-5.141855 ts - -1 -1 1 -1 1 -1 -1 0 -1 -1 -1 1 1 -1 -1 -1 -1 -1 -1 -1 0 -1 0 0 0 0 0 0 0 0 0 0 0 0
-6.194793 tsʰ - -1 -1 1 -1 1 -1 -1 0 -1 1 -1 1 1 -1 -1 -1 -1 -1 -1 -1 0 -1 0 0 0 0 0 0 0 0 0 0 0 0
-0.899115 tsʲ - -1 -1 1 -1 1 -1 -1 0 -1 -1 -1 1 1 -1 -1 1 -1 -1 -1 -1 0 -1 0 0 0 0 0 0 0 0 0 0 0 0
-6.359203 tsʼ - -1 -1 1 -1 1 -1 -1 0 -1 -1 1 1 1 -1 -1 -1 -1 -1 -1 -1 0 -1 0 0 0 0 0 0 0 0 0 0 0 0
-6.313730 tɕ - -1 -1 1 -1 1 -1 -1 0 -1 -1 -1 -1 1 1 -1 1 -1 -1 -1 -1 0 -1 0 0 0 0 0 0 0 0 0 0 0 0
-6.885745 tɕʰ - -1 -1 1 -1 1 -1 -1 0 -1 1 -1 -1 1 1 -1 1 -1 -1 -1 -1 0 -1 0 0 0 0 0 0 0 0 0 0 0 0
-6.417599 tɬ - -1 -1 1 -1 1 1 -1 0 -1 -1 -1 1 1 -1 -1 0 0 0 -1 -1 0 -1 0 0 0 0 0 0 0 0 0 0 0 0
-6.935782 tʃ - -1 -1 1 -1 1 -1 -1 0 -1 -1 -1 -1 1 1 -1 -1 -1 -1 -1 -1 0 -1 0 0 0 0 0 0 0 0 0 0 0 0
-6.761721 tʃʰ - -1 -1 1 -1 1 -1 -1 0 -1 1 -1 -1 1 1 -1 -1 -1 -1 -1 -1 0 -1 0 0 0 0 0 0 0 0 0 0 0 0
-4.242990 tʰ - -1 -1 1 -1 -1 -1 -1 0 -1 1 -1 1 1 -1 -1 -1 -1 -1 -1 -1 0 -1 0 0 0 0 0 0 0 0 0 0 0 0
-5.549860 tʰː - -1 -1 1 -1 -1 -1 -1 0 -1 1 -1 1 1 -1 -1 -1 -1 -1 -1 -1 0 1 0 0 0 0 0 0 0 0 0 0 0 0
-7.643387 tʲ - -1 -1 1 -1 -1 -1 -1 0 -1 -1 -1 1 1 -1 -1 1 -1 -1 -1 -1 0 -1 0 0 0 0 0 0 0 0 0 0 0 0
-6.289363 tʼ - -1 -1 1 -1 -1 -1 -1 0 -1 -1 1 1 1 -1 -1 -1 -1 -1 -1 -1 0 -1 0 0 0 0 0 0 0 0 0 0 0 0
-3.958613 tː - -1 -1 1 -1 -1 -1 -1 0 -1 -1 -1 1 1 -1 -1 -1 -1 -1 -1 -1 0 1 0 0 0 0 0 0 0 0 0 0 0 0
-2.943944 u - 1 1 -1 1 -1 -1 -1 0 1 -1 -1 0 -1 0 1 1 -1 1 1 -1 1 -1 0 0 0 0 0 0 0 0 0 0 0 0
-6.146209 ui - 1 1 -1 1 -1 -1 -1 0 1 -1 -1 0 -1 0 1 1 -1 1 1 -1 1 -1 0 0 -1 1 -1 -1 -1 -1 -1 0 0 0
-6.350471 uɔ - 1 1 -1 1 -1 -1 -1 0 1 -1 -1 0 -1 0 1 1 -1 1 1 -1 1 -1 0 0 -1 -1 1 -1 -1 -1 1 0 0 0
-7.006393 uə - 1 1 -1 1 -1 -1 -1 0 1 -1 -1 0 -1 0 1 1 -1 1 1 -1 1 -1 0 0 -1 1 1 1 -1 -1 -1 0 0 0
-7.189454 uː - 1 1 -1 1 -1 -1 -1 0 1 -1 -1 0 -1 0 1 1 -1 1 1 -1 1 1 0 0 0 0 0 0 0 0 0 0 0 0
-5.980692 uːə - 1 1 -1 1 -1 -1 -1 0 1 -1 -1 0 -1 0 1 1 -1 1 1 -1 1 1 0 0 -1 1 1 1 -1 -1 -1 0 0 0
-3.303748 v - -1 -1 1 1 -1 -1 -1 1 1 -1 -1 1 -1 0 1 -1 -1 -1 -1 -1 0 -1 0 0 0 0 0 0 0 0 0 0 0 0
-6.501318 vʲ - -1 -1 1 1 -1 -1 -1 1 1 -1 -1 1 -1 0 1 1 -1 -1 -1 -1 0 -1 0 0 0 0 0 0 0 0 0 0 0 0
-5.851914 v̩ - 1 -1 1 1 -1 -1 -1 1 1 -1 -1 1 -1 0 1 -1 -1 -1 -1 -1 0 -1 0 0 0 0 0 0 0 0 0 0 0 0
-0.426635 w - -1 1 -1 1 -1 -1 -1 0 1 -1 -1 -1 -1 0 1 1 -1 1 1 -1 0 -1 0 0 0 0 0 0 0 0 0 0 0 0
-3.703089 x - -1 -1 1 1 -1 -1 -1 0 -1 -1 -1 -1 -1 0 -1 1 -1 1 -1 -1 0 -1 0 0 0 0 0 0 0 0 0 0 0 0
-3.310144 y - 1 1 -1 1 -1 -1 -1 0 1 -1 -1 0 -1 0 1 1 -1 -1 1 -1 1 -1 0 0 0 0 0 0 0 0 0 0 0 0
-6.711373 yː - 1 1 -1 1 -1 -1 -1 0 1 -1 -1 0 -1 0 1 1 -1 -1 1 -1 1 1 0 0 0 0 0 0 0 0 0 0 0 0
-4.008309 z - -1 -1 1 1 -1 -1 -1 0 1 -1 -1 1 1 -1 -1 -1 -1 -1 -1 -1 0 -1 0 0 0 0 0 0 0 0 0 0 0 0
-1.755602 zʲ - -1 -1 1 1 -1 -1 -1 0 1 -1 -1 1 1 -1 -1 1 -1 -1 -1 -1 0 -1 0 0 0 0 0 0 0 0 0 0 0 0
-0.520289 ² - 0 0 0 0 0 0 0 0 0 0 0 0 0 0 0 0 0 0 0 0 0 0 1 -1 0 0 0 0 0 0 0 -1 -1 -1
-2.469591 ²² - 0 0 0 0 0 0 0 0 0 0 0 0 0 0 0 0 0 0 0 0 0 0 1 -1 0 0 0 0 0 0 0 -1 -1 -1
-3.944623 ²³¹ - 0 0 0 0 0 0 0 0 0 0 0 0 0 0 0 0 0 0 0 0 0 0 1 -1 0 0 0 0 0 0 0 1 -1 1
-5.716574 ²¹ - 0 0 0 0 0 0 0 0 0 0 0 0 0 0 0 0 0 0 0 0 0 0 1 -1 0 0 0 0 0 0 0 -1 1 -1
-5.266889 ²⁴ - 0 0 0 0 0 0 0 0 0 0 0 0 0 0 0 0 0 0 0 0 0 0 1 -1 0 0 0 0 0 0 0 1 -1 -1
-4.164585 ²⁴¹ - 0 0 0 0 0 0 0 0 0 0 0 0 0 0 0 0 0 0 0 0 0 0 1 -1 0 0 0 0 0 0 0 1 -1 1
-7.664979 ³ - 0 0 0 0 0 0 0 0 0 0 0 0 0 0 0 0 0 0 0 0 0 0 0 0 0 0 0 0 0 0 0 -1 -1 -1
-6.585967 ³² - 0 0 0 0 0 0 0 0 0 0 0 0 0 0 0 0 0 0 0 0 0 0 0 0 0 0 0 0 0 0 0 -1 1 -1
-3.307784 ³³ - 0 0 0 0 0 0 0 0 0 0 0 0 0 0 0 0 0 0 0 0 0 0 0 0 0 0 0 0 0 0 0 -1 -1 -1
-4.206832 ³¹ - 0 0 0 0 0 0 0 0 0 0 0 0 0 0 0 0 0 0 0 0 0 0 0 0 0 0 0 0 0 0 0 -1 1 -1
-4.002006 ³⁵ - 0 0 0 0 0 0 0 0 0 0 0 0 0 0 0 0 0 0 0 0 0 0 0 0 0 0 0 0 0 0 0 1 -1 -1
-3.921089 ¹ - 0 0 0 0 0 0 0 0 0 0 0 0 0 0 0 0 0 0 0 0 0 0 -1 -1 0 0 0 0 0 0 0 -1 -1 -1
-1.522442 ¹³ - 0 0 0 0 0 0 0 0 0 0 0 0 0 0 0 0 0 0 0 0 0 0 -1 -1 0 0 0 0 0 0 0 1 -1 -1
-7.677659 ¹¹ - 0 0 0 0 0 0 0 0 0 0 0 0 0 0 0 0 0 0 0 0 0 0 -1 -1 0 0 0 0 0 0 0 -1 -1 -1
-7.372293 ã - 1 1 -1 1 -1 -1 1 0 1 -1 -1 0 -1 0 -1 -1 1 -1 -1 -1 1 -1 0 0 0 0 0 0 0 0 0 0 0 0
-2.717635 æ - 1 1 -1 1 -1 -1 -1 0 1 -1 -1 0 -1 0 -1 -1 1 -1 -1 -1 1 -1 0 0 0 0 0 0 0 0 0 0 0 0
-6.683628 æi - 1 1 -1 1 -1 -1 -1 0 1 -1 -1 0 -1 0 -1 -1 1 -1 -1 -1 1 -1 0 0 -1 -1 -1 -1 1 1 -1 0 0 0
-4.970464 æɪ - 1 1 -1 1 -1 -1 -1 0 1 -1 -1 0 -1 0 -1 -1 1 -1 -1 -1 1 -1 0 0 -1 -1 -1 1 1 -1 -1 0 0 0
-4.145730 æʊ - 1 1 -1 1 -1 -1 -1 0 1 -1 -1 0 -1 0 -1 -1 1 -1 -1 -1 1 -1 0 0 1 -1 -1 1 1 -1 1 0 0 0
-8.128509 æː - 1 1 -1 1 -1 -1 -1 0 1 -1 -1 0 -1 0 -1 -1 1 -1 -1 -1 1 1 0 0 0 0 0 0 0 0 0 0 0 0
-1.826659 ç - -1 -1 1 1 -1 -1 -1 0 -1 -1 -1 -1 -1 0 -1 1 -1 -1 -1 -1 0 -1 0 0 0 0 0 0 0 0 0 0 0 0
-3.089898 ð - -1 -1 1 1 -1 -1 -1 0 1 -1 -1 1 1 1 -1 -1 -1 -1 -1 -1 0 -1 0 0 0 0 0 0 0 0 0 0 0 0
-6.708286 õ - 1 1 -1 1 -1 -1 1 0 1 -1 -1 0 -1 0 -1 -1 -1 1 1 -1 1 -1 0 0 0 0 0 0 0 0 0 0 0 0
-6.121844 ø - 1 1 -1 1 -1 -1 -1 0 1 -1 -1 0 -1 0 -1 -1 -1 -1 1 -1 1 -1 0 0 0 0 0 0 0 0 0 0 0 0
-7.233420 øː - 1 1 -1 1 -1 -1 -1 0 1 -1 -1 0 -1 0 -1 -1 -1 -1 1 -1 1 1 0 0 0 0 0 0 0 0 0 0 0 0
-4.958685 ħ - -1 -1 1 1 -1 -1 -1 0 -1 -1 -1 -1 -1 0 -1 -1 1 1 -1 -1 0 -1 0 0 0 0 0 0 0 0 0 0 0 0
-7.322148 ĩ - 1 1 -1 1 -1 -1 1 0 1 -1 -1 0 -1 0 -1 1 -1 -1 -1 -1 1 -1 0 0 0 0 0 0 0 0 0 0 0 0
-0.703760 ŋ - -1 1 1 -1 -1 -1 1 0 1 -1 -1 -1 -1 0 -1 1 -1 1 -1 -1 0 -1 0 0 0 0 0 0 0 0 0 0 0 0
-6.242710 ŋ̩ - 1 1 1 -1 -1 -1 1 0 1 -1 -1 -1 -1 0 -1 1 -1 1 -1 -1 0 -1 0 0 0 0 0 0 0 0 0 0 0 0
-4.561583 œ - 1 1 -1 1 -1 -1 -1 0 1 -1 -1 0 -1 0 -1 -1 -1 -1 1 -1 -1 -1 0 0 0 0 0 0 0 0 0 0 0 0
-6.437875 œː - 1 1 -1 1 -1 -1 -1 0 1 -1 -1 0 -1 0 -1 -1 -1 -1 1 -1 -1 1 0 0 0 0 0 0 0 0 0 0 0 0
-6.632644 ũ - 1 1 -1 1 -1 -1 1 0 1 -1 -1 0 -1 0 1 1 -1 1 1 -1 1 -1 0 0 0 0 0 0 0 0 0 0 0 0
-5.184596 ȵ - -1 1 1 -1 -1 -1 1 0 1 -1 -1 -1 1 1 -1 1 -1 -1 -1 -1 0 -1 0 0 0 0 0 0 0 0 0 0 0 0
-1.364980 ɐ - 1 1 -1 1 -1 -1 -1 0 1 -1 -1 0 -1 0 -1 -1 -1 1 -1 -1 1 -1 0 0 0 0 0 0 0 0 0 0 0 0
-2.645161 ɑ - 1 1 -1 1 0 -1 -1 0 1 -1 -1 0 -1 0 -1 -1 1 1 -1 -1 1 -1 0 0 0 0 0 0 0 0 0 0 0 0
-5.740409 ɑi - 1 1 -1 1 0 -1 -1 0 1 -1 -1 0 -1 0 -1 -1 1 1 -1 -1 1 -1 0 0 -1 1 -1 -1 1 1 -1 0 0 0
-3.940715 ɑɪ - 1 1 -1 1 0 -1 -1 0 1 -1 -1 0 -1 0 -1 -1 1 1 -1 -1 1 -1 0 0 -1 1 -1 1 1 1 -1 0 0 0
-6.245289 ɑː - 1 1 -1 1 0 -1 -1 0 1 -1 -1 0 -1 0 -1 -1 1 1 -1 -1 1 1 0 0 0 0 0 0 0 0 0 0 0 0
-3.411435 ɑ̃ - 1 1 -1 1 0 -1 1 0 1 -1 -1 0 -1 0 -1 -1 1 1 -1 -1 1 -1 0 0 0 0 0 0 0 0 0 0 0 0
-4.186235 ɒ - 1 1 -1 1 -1 -1 -1 0 1 -1 -1 0 -1 0 -1 -1 1 1 1 -1 1 -1 0 0 0 0 0 0 0 0 0 0 0 0
-5.156125 ɒː - 1 1 -1 1 -1 -1 -1 0 1 -1 -1 0 -1 0 -1 -1 1 1 1 -1 1 1 0 0 0 0 0 0 0 0 0 0 0 0
-3.541407 ɔ - 1 1 -1 1 -1 -1 -1 0 1 -1 -1 0 -1 0 -1 -1 -1 1 1 -1 -1 -1 0 0 0 0 0 0 0 0 0 0 0 0
-5.481176 ɔi - 1 1 -1 1 -1 -1 -1 0 1 -1 -1 0 -1 0 -1 -1 -1 1 1 -1 -1 -1 0 0 -1 1 -1 -1 1 1 -1 0 0 0
-5.898364 ɔə - 1 1 -1 1 -1 -1 -1 0 1 -1 -1 0 -1 0 -1 -1 -1 1 1 -1 -1 -1 0 0 -1 1 -1 1 -1 -1 -1 0 0 0
-6.107486 ɔː - 1 1 -1 1 -1 -1 -1 0 1 -1 -1 0 -1 0 -1 -1 -1 1 1 -1 -1 1 0 0 0 0 0 0 0 0 0 0 0 0
-5.352339 ɔːə - 1 1 -1 1 -1 -1 -1 0 1 -1 -1 0 -1 0 -1 -1 -1 1 1 -1 -1 1 0 0 -1 1 -1 1 -1 -1 -1 0 0 0
-7.764057 ɔ̃ - 1 1 -1 1 -1 -1 1 0 1 -1 -1 0 -1 0 -1 -1 -1 1 1 -1 -1 -1 0 0 0 0 0 0 0 0 0 0 0 0
-6.138661 ɕ - -1 -1 1 1 1 -1 -1 0 -1 -1 -1 -1 1 1 -1 1 -1 -1 -1 -1 0 -1 0 0 0 0 0 0 0 0 0 0 0 0
-4.891286 ɖ - -1 -1 1 -1 -1 -1 -1 0 1 -1 -1 -1 1 -1 -1 -1 -1 -1 -1 -1 0 -1 0 0 0 0 0 0 0 0 0 0 0 0
-6.189536 ɖʐ - -1 -1 1 -1 1 -1 -1 0 1 -1 -1 -1 1 -1 -1 0 0 0 -1 -1 0 -1 0 0 0 0 0 0 0 0 0 0 0 0
-0.020277 ɘ - 1 1 -1 1 -1 -1 -1 0 1 -1 -1 0 -1 0 -1 -1 -1 1 -1 -1 -1 -1 0 0 0 0 0 0 0 0 0 0 0 0
-0.796920 ə - 1 1 -1 1 -1 -1 -1 0 1 -1 -1 0 -1 0 -1 -1 -1 1 -1 -1 -1 -1 0 0 0 0 0 0 0 0 0 0 0 0
-5.484473 əu - 1 1 -1 1 -1 -1 -1 0 1 -1 -1 0 -1 0 -1 -1 -1 1 -1 -1 -1 -1 0 0 1 -1 -1 -1 1 -1 1 0 0 0
-4.468724 əɯ - 1 1 -1 1 -1 -1 -1 0 1 -1 -1 0 -1 0 -1 -1 -1 1 -1 -1 -1 -1 0 0 1 -1 -1 -1 1 -1 -1 0 0 0
-4.782491 ə̃ - 1 1 -1 1 -1 -1 1 0 1 -1 -1 0 -1 0 -1 -1 -1 1 -1 -1 -1 -1 0 0 0 0 0 0 0 0 0 0 0 0
0.275254 ɚ - 1 1 -1 1 -1 -1 -1 0 1 -1 -1 -1 -1 0 -1 1 -1 1 1 -1 -1 -1 0 0 0 0 0 0 0 0 0 0 0 0
-2.475137 ɛ - 1 1 -1 1 -1 -1 -1 0 1 -1 -1 0 -1 0 -1 -1 -1 -1 -1 -1 -1 -1 0 0 0 0 0 0 0 0 0 0 0 0
-7.173997 ɛi - 1 1 -1 1 -1 -1 -1 0 1 -1 -1 0 -1 0 -1 -1 -1 -1 -1 -1 -1 -1 0 0 -1 -1 -1 -1 1 1 -1 0 0 0
-5.991732 ɛɪ - 1 1 -1 1 -1 -1 -1 0 1 -1 -1 0 -1 0 -1 -1 -1 -1 -1 -1 -1 -1 0 0 -1 -1 -1 1 1 -1 -1 0 0 0
-8.422908 ɛː - 1 1 -1 1 -1 -1 -1 0 1 -1 -1 0 -1 0 -1 -1 -1 -1 -1 -1 -1 1 0 0 0 0 0 0 0 0 0 0 0 0
-4.099483 ɛ̃ - 1 1 -1 1 -1 -1 1 0 1 -1 -1 0 -1 0 -1 -1 -1 -1 -1 -1 -1 -1 0 0 0 0 0 0 0 0 0 0 0 0
-4.855187 ɛ̠ - 1 1 -1 1 -1 -1 -1 0 1 -1 -1 0 -1 0 -1 -1 -1 -1 -1 -1 -1 -1 0 0 0 0 0 0 0 0 0 0 0 0
-4.104855 ɜ - 1 1 -1 1 -1 -1 -1 0 1 -1 -1 0 -1 0 -1 -1 -1 1 -1 -1 1 -1 0 0 0 0 0 0 0 0 0 0 0 0
-4.302064 ɜʉ - 1 1 -1 1 -1 -1 -1 0 1 -1 -1 0 -1 0 -1 -1 -1 1 -1 -1 1 -1 0 0 -1 -1 -1 -1 1 1 1 0 0 0
-4.784595 ɟ - -1 -1 1 -1 -1 -1 -1 0 1 -1 -1 -1 -1 0 -1 1 -1 -1 -1 -1 0 -1 0 0 0 0 0 0 0 0 0 0 0 0
-0.801328 ɡ - -1 -1 1 -1 -1 -1 -1 0 1 -1 -1 -1 -1 0 -1 1 -1 1 -1 -1 0 -1 0 0 0 0 0 0 0 0 0 0 0 0
-4.648580 ɢ - -1 -1 1 -1 -1 -1 -1 0 1 -1 -1 -1 -1 0 -1 -1 -1 1 -1 -1 0 -1 0 0 0 0 0 0 0 0 0 0 0 0
-2.798397 ɣ - -1 -1 1 1 -1 -1 -1 0 1 -1 -1 -1 -1 0 -1 1 -1 1 -1 -1 0 -1 0 0 0 0 0 0 0 0 0 0 0 0
-2.931213 ɤ - 1 1 -1 1 0 -1 -1 0 1 -1 -1 0 -1 0 -1 -1 -1 1 -1 -1 1 -1 0 0 0 0 0 0 0 0 0 0 0 0
-3.652079 ɦ - -1 1 1 1 -1 -1 -1 0 1 -1 -1 -1 -1 0 -1 -1 -1 -1 -1 -1 0 -1 0 0 0 0 0 0 0 0 0 0 0 0
-2.806189 ɨ - 1 1 -1 1 -1 -1 -1 0 1 -1 -1 0 -1 0 -1 1 -1 1 -1 -1 1 -1 0 0 0 0 0 0 0 0 0 0 0 0
-2.257224 ɪ - 1 1 -1 1 -1 -1 -1 0 1 -1 -1 0 -1 0 -1 1 -1 -1 -1 -1 -1 -1 0 0 0 0 0 0 0 0 0 0 0 0
-4.210102 ɪi - 1 1 -1 1 -1 -1 -1 0 1 -1 -1 0 -1 0 -1 1 -1 -1 -1 -1 -1 -1 0 0 -1 -1 -1 -1 -1 -1 -1 0 0 0
-5.843660 ɪə - 1 1 -1 1 -1 -1 -1 0 1 -1 -1 0 -1 0 -1 1 -1 -1 -1 -1 -1 -1 0 0 1 -1 1 1 -1 -1 -1 0 0 0
-0.986645 ɫ - -1 1 1 1 0 1 -1 0 1 -1 -1 1 1 -1 -1 -1 -1 1 -1 -1 0 -1 0 0 0 0 0 0 0 0 0 0 0 0
-6.009590 ɬ - -1 -1 1 1 1 1 -1 0 -1 -1 -1 1 1 -1 -1 0 0 0 -1 -1 0 -1 0 0 0 0 0 0 0 0 0 0 0 0
-5.206819 ɭ - -1 1 1 1 0 1 -1 0 1 -1 -1 -1 1 -1 -1 0 0 0 -1 -1 0 -1 0 0 0 0 0 0 0 0 0 0 0 0
-3.520998 ɮ - -1 -1 1 1 1 1 -1 0 1 -1 -1 -1 1 -1 -1 0 0 0 -1 -1 0 -1 0 0 0 0 0 0 0 0 0 0 0 0
-4.817115 ɯ - 1 1 -1 1 -1 -1 -1 0 1 -1 -1 0 -1 0 -1 1 -1 1 -1 -1 -1 -1 0 0 0 0 0 0 0 0 0 0 0 0
-0.675301 ɰ - -1 1 -1 1 0 -1 -1 0 1 -1 -1 -1 -1 0 -1 1 -1 0 -1 -1 1 -1 0 0 0 0 0 0 0 0 0 0 0 0
2.439195 ɱ - -1 1 1 -1 0 -1 1 0 1 -1 -1 1 -1 0 1 0 0 0 -1 -1 0 -1 0 0 0 0 0 0 0 0 0 0 0 0
-3.414837 ɲ - -1 1 1 -1 -1 -1 1 0 1 -1 -1 -1 -1 0 -1 1 -1 -1 -1 -1 0 -1 0 0 0 0 0 0 0 0 0 0 0 0
-6.070185 ɲː - -1 1 1 -1 -1 -1 1 0 1 -1 -1 -1 -1 0 -1 1 -1 -1 -1 -1 0 1 0 0 0 0 0 0 0 0 0 0 0 0
-3.438702 ɳ - -1 1 1 -1 -1 -1 1 0 1 -1 -1 -1 1 0 -1 -1 -1 -1 -1 -1 0 -1 0 0 0 0 0 0 0 0 0 0 0 0
-3.384919 ɴ - -1 1 1 -1 -1 -1 1 0 1 -1 -1 -1 -1 0 -1 -1 -1 1 -1 -1 0 -1 0 0 0 0 0 0 0 0 0 0 0 0
-4.076131 ɵ - 1 1 -1 1 -1 -1 -1 0 1 -1 -1 0 -1 0 -1 -1 -1 1 1 -1 -1 -1 0 0 0 0 0 0 0 0 0 0 0 0
-4.262896 ɸ - -1 -1 1 1 -1 -1 -1 -1 -1 -1 -1 1 -1 0 1 -1 -1 -1 -1 -1 0 -1 0 0 0 0 0 0 0 0 0 0 0 0
-0.016530 ɹ - -1 1 -1 1 -1 -1 -1 0 1 -1 -1 1 1 -1 -1 1 -1 1 1 -1 0 -1 0 0 0 0 0 0 0 0 0 0 0 0
-1.115314 ɻ - -1 1 -1 1 -1 -1 -1 0 1 -1 -1 -1 1 -1 -1 -1 -1 -1 -1 -1 0 -1 0 0 0 0 0 0 0 0 0 0 0 0
-4.161280 ɽ - -1 1 1 1 0 -1 -1 0 1 -1 -1 -1 1 -1 -1 0 0 0 -1 -1 0 -1 0 0 0 0 0 0 0 0 0 0 0 0
-1.759647 ɾ - -1 1 1 1 0 -1 -1 0 1 -1 -1 1 1 -1 -1 0 0 0 -1 -1 0 -1 0 0 0 0 0 0 0 0 0 0 0 0
-4.099040 ɾˠ - -1 1 1 1 0 -1 -1 0 1 -1 -1 1 1 -1 -1 1 0 1 -1 -1 0 -1 0 0 0 0 0 0 0 0 0 0 0 0
-7.735309 ɿ - 1 1 -1 1 -1 -1 -1 0 1 -1 1 0 -1 0 -1 1 -1 1 -1 -1 -1 -1 0 0 0 0 0 0 0 0 0 0 0 0
-2.122052 ʀ - -1 1 1 1 0 -1 -1 0 1 -1 -1 -1 -1 0 -1 -1 -1 1 -1 -1 0 -1 0 0 0 0 0 0 0 0 0 0 0 0
-1.493010 ʁ - -1 -1 1 1 -1 -1 -1 0 1 -1 -1 -1 -1 0 -1 -1 -1 1 -1 -1 0 -1 0 0 0 0 0 0 0 0 0 0 0 0
-6.173693 ʂ - -1 -1 1 1 -1 -1 -1 0 -1 -1 -1 -1 1 -1 -1 -1 -1 -1 -1 -1 0 -1 0 0 0 0 0 0 0 0 0 0 0 0
-3.979231 ʃ - -1 -1 1 1 -1 -1 -1 0 -1 -1 -1 -1 1 1 -1 -1 -1 -1 -1 -1 0 -1 0 0 0 0 0 0 0 0 0 0 0 0
-7.778903 ʅ - 1 1 -1 1 -1 -1 -1 0 1 -1 1 0 -1 0 -1 -1 -1 1 -1 -1 -1 -1 0 0 0 0 0 0 0 0 0 0 0 0
-2.151649 ʈ - -1 -1 1 -1 -1 -1 -1 0 -1 -1 -1 -1 1 -1 -1 -1 -1 -1 -1 -1 0 -1 0 0 0 0 0 0 0 0 0 0 0 0
-4.185412 ʈʂ - -1 -1 1 -1 1 -1 -1 0 -1 -1 -1 -1 1 -1 -1 0 0 0 -1 -1 0 -1 0 0 0 0 0 0 0 0 0 0 0 0
-3.360570 ʈʂʰ - -1 -1 1 -1 1 -1 -1 0 -1 1 -1 -1 1 -1 -1 0 0 0 -1 -1 0 -1 0 0 0 0 0 0 0 0 0 0 0 0
-5.248132 ʈʰ - -1 -1 1 -1 -1 -1 -1 0 -1 1 -1 -1 1 -1 -1 -1 -1 -1 -1 -1 0 -1 0 0 0 0 0 0 0 0 0 0 0 0
-4.719582 ʉ - 1 1 -1 1 0 -1 -1 0 1 -1 -1 0 -1 0 1 1 -1 -1 1 -1 1 -1 0 0 0 0 0 0 0 0 0 0 0 0
-5.004068 ʉː - 1 1 -1 1 0 -1 -1 0 1 -1 -1 0 -1 0 1 1 -1 -1 1 -1 1 1 0 0 0 0 0 0 0 0 0 0 0 0
-1.716692 ʊ - 1 1 -1 1 -1 -1 -1 0 1 -1 -1 0 -1 0 -1 1 -1 1 1 -1 -1 -1 0 0 0 0 0 0 0 0 0 0 0 0
-4.948387 ʊə - 1 1 -1 1 -1 -1 -1 0 1 -1 -1 0 -1 0 -1 1 -1 1 1 -1 -1 -1 0 0 -1 1 1 1 -1 -1 -1 0 0 0
-4.244748 ʋ - -1 1 -1 1 0 -1 -1 0 1 -1 -1 1 -1 0 1 0 0 0 -1 -1 0 -1 0 0 0 0 0 0 0 0 0 0 0 0
-5.920843 ʌ - 1 1 -1 1 -1 -1 -1 0 1 -1 -1 0 -1 0 -1 -1 -1 1 -1 -1 1 -1 0 0 0 0 0 0 0 0 0 0 0 0
-4.552621 ʌʊ - 1 1 -1 1 -1 -1 -1 0 1 -1 -1 0 -1 0 -1 -1 -1 1 -1 -1 1 -1 0 0 -1 -1 -1 1 1 -1 1 0 0 0
-2.444092 ʎ - -1 1 1 1 0 1 -1 0 1 -1 -1 -1 1 1 -1 1 -1 -1 -1 -1 0 -1 0 0 0 0 0 0 0 0 0 0 0 0
-4.377144 ʎː - -1 1 1 1 0 1 -1 0 1 -1 -1 -1 1 1 -1 1 -1 -1 -1 -1 0 1 0 0 0 0 0 0 0 0 0 0 0 0
-1.873138 ʏ - 1 1 -1 1 -1 -1 -1 0 1 -1 -1 0 -1 0 -1 1 -1 -1 1 -1 -1 -1 0 0 0 0 0 0 0 0 0 0 0 0
-4.305831 ʐ - -1 -1 1 1 -1 -1 -1 0 1 -1 -1 -1 1 -1 -1 -1 -1 -1 -1 -1 0 -1 0 0 0 0 0 0 0 0 0 0 0 0
-2.043255 ʑ - -1 -1 1 1 1 -1 -1 0 1 -1 -1 -1 1 1 -1 1 -1 -1 -1 -1 0 -1 0 0 0 0 0 0 0 0 0 0 0 0
-4.096494 ʒ - -1 -1 1 1 -1 -1 -1 0 1 -1 -1 -1 1 1 -1 -1 -1 -1 -1 -1 0 -1 0 0 0 0 0 0 0 0 0 0 0 0
0.507878 ʔ - -1 1 -1 -1 -1 -1 -1 0 -1 -1 1 -1 -1 0 -1 -1 -1 -1 -1 -1 0 -1 0 0 0 0 0 0 0 0 0 0 0 0
-1.284296 ʕ - -1 -1 1 1 -1 -1 -1 0 1 -1 -1 -1 -1 0 -1 -1 1 1 -1 -1 0 -1 0 0 0 0 0 0 0 0 0 0 0 0
-2.689511 ʝ - -1 -1 1 1 -1 -1 -1 0 1 -1 -1 -1 -1 0 -1 1 -1 -1 -1 -1 0 -1 0 0 0 0 0 0 0 0 0 0 0 0
-3.750545 ˀl - -1 1 1 1 -1 1 -1 0 1 -1 1 1 1 -1 -1 -1 -1 -1 -1 -1 0 -1 0 0 0 0 0 0 0 0 0 0 0 0
-4.115776 β - -1 -1 1 1 -1 -1 -1 -1 1 -1 -1 1 -1 0 1 -1 -1 -1 -1 -1 0 -1 0 0 0 0 0 0 0 0 0 0 0 0
-5.420890 θ - -1 -1 1 1 -1 -1 -1 0 -1 -1 -1 1 1 1 -1 -1 -1 -1 -1 -1 0 -1 0 0 0 0 0 0 0 0 0 0 0 0
-2.849806 χ - -1 -1 1 1 -1 -1 -1 0 -1 -1 -1 -1 -1 0 -1 -1 -1 1 -1 -1 0 -1 0 0 0 0 0 0 0 0 0 0 0 0
-3.099836 ẽ - 1 1 -1 1 -1 -1 1 0 1 -1 -1 0 -1 0 -1 -1 -1 -1 -1 -1 1 -1 0 0 0 0 0 0 0 0 0 0 0 0
0.892081 ⁴ - 0 0 0 0 0 0 0 0 0 0 0 0 0 0 0 0 0 0 0 0 0 0 -1 1 0 0 0 0 0 0 0 -1 -1 -1
-6.097779 ⁴² - 0 0 0 0 0 0 0 0 0 0 0 0 0 0 0 0 0 0 0 0 0 0 -1 1 0 0 0 0 0 0 0 -1 1 -1
-3.171457 ⁴³ - 0 0 0 0 0 0 0 0 0 0 0 0 0 0 0 0 0 0 0 0 0 0 -1 1 0 0 0 0 0 0 0 -1 1 -1
-4.598838 ⁴¹ - 0 0 0 0 0 0 0 0 0 0 0 0 0 0 0 0 0 0 0 0 0 0 -1 1 0 0 0 0 0 0 0 -1 1 -1
-2.054687 ⁴⁴ - 0 0 0 0 0 0 0 0 0 0 0 0 0 0 0 0 0 0 0 0 0 0 -1 1 0 0 0 0 0 0 0 -1 -1 -1
-4.069853 ⁴⁵³ - 0 0 0 0 0 0 0 0 0 0 0 0 0 0 0 0 0 0 0 0 0 0 -1 1 0 0 0 0 0 0 0 1 -1 1
-1.268729 ⁵³ - 0 0 0 0 0 0 0 0 0 0 0 0 0 0 0 0 0 0 0 0 0 0 1 1 0 0 0 0 0 0 0 -1 1 -1
-4.105752 ⁵¹ - 0 0 0 0 0 0 0 0 0 0 0 0 0 0 0 0 0 0 0 0 0 0 1 1 0 0 0 0 0 0 0 -1 1 -1
-4.817243 ⁵⁴ - 0 0 0 0 0 0 0 0 0 0 0 0 0 0 0 0 0 0 0 0 0 0 1 1 0 0 0 0 0 0 0 -1 1 -1
-2.716013 ⁵⁵ - 0 0 0 0 0 0 0 0 0 0 0 0 0 0 0 0 0 0 0 0 0 0 1 1 0 0 0 0 0 0 0 -1 -1 -1
